-3  -3  -1  
-3  -2.9  -1  
-3  -2.8  -1  
-3  -2.7  -1  
-3  -2.6  -1  
-3  -2.5  -1  
-3  -2.4  -1  
-3  -2.3  -1  
-3  -2.2  -1  
-3  -2.1  -1  
-3  -2  -1  
-3  -1.9  -1  
-3  -1.8  -1  
-3  -1.7  -1  
-3  -1.6  -1  
-3  -1.5  -1  
-3  -1.4  -1  
-3  -1.3  -1  
-3  -1.2  -1  
-3  -1.1  -1  
-3  -1  -1  
-3  -0.9  -1  
-3  -0.8  -1  
-3  -0.7  -1  
-3  -0.6  -1  
-3  -0.5  -1  
-3  -0.4  -1  
-3  -0.3  -1  
-3  -0.2  -1  
-3  -0.0999999  -1  
-3  0  -1  
-3  0.1  -1  
-3  0.2  -1  
-3  0.3  -1  
-3  0.4  -1  
-3  0.5  -1  
-3  0.6  -1  
-3  0.7  -1  
-3  0.8  -1  
-3  0.9  -1  
-3  1  -1  
-3  1.1  -1  
-3  1.2  -1  
-3  1.3  -1  
-3  1.4  -1  
-3  1.5  -1  
-3  1.6  -1  
-3  1.7  -1  
-3  1.8  -1  
-3  1.9  -1  
-3  2  -1  
-3  2.1  -1  
-3  2.2  -1  
-3  2.3  -1  
-3  2.4  -1  
-3  2.5  -1  
-3  2.6  -1  
-3  2.7  -1  
-3  2.8  -1  
-3  2.9  -1  
-3  3  -1  

-2.9  -3  -0.965364  
-2.9  -2.9  -0.965294  
-2.9  -2.8  -0.96522  
-2.9  -2.7  -0.965142  
-2.9  -2.6  -0.96506  
-2.9  -2.5  -0.964974  
-2.9  -2.4  -0.964884  
-2.9  -2.3  -0.96479  
-2.9  -2.2  -0.964692  
-2.9  -2.1  -0.964589  
-2.9  -2  -0.964483  
-2.9  -1.9  -0.964374  
-2.9  -1.8  -0.964261  
-2.9  -1.7  -0.964146  
-2.9  -1.6  -0.964028  
-2.9  -1.5  -0.963909  
-2.9  -1.4  -0.96379  
-2.9  -1.3  -0.96367  
-2.9  -1.2  -0.963552  
-2.9  -1.1  -0.963436  
-2.9  -1  -0.963324  
-2.9  -0.9  -0.963216  
-2.9  -0.8  -0.963115  
-2.9  -0.7  -0.963022  
-2.9  -0.6  -0.962938  
-2.9  -0.5  -0.962864  
-2.9  -0.4  -0.962802  
-2.9  -0.3  -0.962752  
-2.9  -0.2  -0.962716  
-2.9  -0.0999999  -0.962694  
-2.9  0  -0.962686  
-2.9  0.1  -0.962694  
-2.9  0.2  -0.962716  
-2.9  0.3  -0.962752  
-2.9  0.4  -0.962801  
-2.9  0.5  -0.962864  
-2.9  0.6  -0.962938  
-2.9  0.7  -0.963022  
-2.9  0.8  -0.963115  
-2.9  0.9  -0.963216  
-2.9  1  -0.963324  
-2.9  1.1  -0.963436  
-2.9  1.2  -0.963552  
-2.9  1.3  -0.96367  
-2.9  1.4  -0.96379  
-2.9  1.5  -0.963909  
-2.9  1.6  -0.964028  
-2.9  1.7  -0.964146  
-2.9  1.8  -0.964261  
-2.9  1.9  -0.964374  
-2.9  2  -0.964483  
-2.9  2.1  -0.964589  
-2.9  2.2  -0.964692  
-2.9  2.3  -0.96479  
-2.9  2.4  -0.964884  
-2.9  2.5  -0.964974  
-2.9  2.6  -0.96506  
-2.9  2.7  -0.965142  
-2.9  2.8  -0.96522  
-2.9  2.9  -0.965294  
-2.9  3  -0.965364  

-2.8  -3  -0.930778  
-2.8  -2.9  -0.930636  
-2.8  -2.8  -0.930486  
-2.8  -2.7  -0.930327  
-2.8  -2.6  -0.930159  
-2.8  -2.5  -0.929983  
-2.8  -2.4  -0.929797  
-2.8  -2.3  -0.929602  
-2.8  -2.2  -0.929398  
-2.8  -2.1  -0.929184  
-2.8  -2  -0.928963  
-2.8  -1.9  -0.928733  
-2.8  -1.8  -0.928495  
-2.8  -1.7  -0.928251  
-2.8  -1.6  -0.928001  
-2.8  -1.5  -0.927747  
-2.8  -1.4  -0.927491  
-2.8  -1.3  -0.927233  
-2.8  -1.2  -0.926978  
-2.8  -1.1  -0.926727  
-2.8  -1  -0.926482  
-2.8  -0.9  -0.926248  
-2.8  -0.8  -0.926026  
-2.8  -0.7  -0.925821  
-2.8  -0.6  -0.925635  
-2.8  -0.5  -0.925472  
-2.8  -0.4  -0.925334  
-2.8  -0.3  -0.925224  
-2.8  -0.2  -0.925144  
-2.8  -0.0999999  -0.925095  
-2.8  0  -0.925078  
-2.8  0.1  -0.925095  
-2.8  0.2  -0.925144  
-2.8  0.3  -0.925224  
-2.8  0.4  -0.925334  
-2.8  0.5  -0.925472  
-2.8  0.6  -0.925635  
-2.8  0.7  -0.925821  
-2.8  0.8  -0.926026  
-2.8  0.9  -0.926248  
-2.8  1  -0.926482  
-2.8  1.1  -0.926727  
-2.8  1.2  -0.926978  
-2.8  1.3  -0.927233  
-2.8  1.4  -0.927491  
-2.8  1.5  -0.927747  
-2.8  1.6  -0.928001  
-2.8  1.7  -0.928251  
-2.8  1.8  -0.928495  
-2.8  1.9  -0.928733  
-2.8  2  -0.928963  
-2.8  2.1  -0.929184  
-2.8  2.2  -0.929398  
-2.8  2.3  -0.929602  
-2.8  2.4  -0.929797  
-2.8  2.5  -0.929983  
-2.8  2.6  -0.930159  
-2.8  2.7  -0.930327  
-2.8  2.8  -0.930485  
-2.8  2.9  -0.930636  
-2.8  3  -0.930778  

-2.7  -3  -0.896249  
-2.7  -2.9  -0.896033  
-2.7  -2.8  -0.895804  
-2.7  -2.7  -0.895561  
-2.7  -2.6  -0.895304  
-2.7  -2.5  -0.895032  
-2.7  -2.4  -0.894745  
-2.7  -2.3  -0.894443  
-2.7  -2.2  -0.894125  
-2.7  -2.1  -0.893793  
-2.7  -2  -0.893445  
-2.7  -1.9  -0.893082  
-2.7  -1.8  -0.892707  
-2.7  -1.7  -0.892318  
-2.7  -1.6  -0.89192  
-2.7  -1.5  -0.891513  
-2.7  -1.4  -0.8911  
-2.7  -1.3  -0.890684  
-2.7  -1.2  -0.890269  
-2.7  -1.1  -0.88986  
-2.7  -1  -0.88946  
-2.7  -0.9  -0.889075  
-2.7  -0.8  -0.888709  
-2.7  -0.7  -0.88837  
-2.7  -0.6  -0.888062  
-2.7  -0.5  -0.88779  
-2.7  -0.4  -0.88756  
-2.7  -0.3  -0.887376  
-2.7  -0.2  -0.887241  
-2.7  -0.0999999  -0.88716  
-2.7  0  -0.887132  
-2.7  0.1  -0.88716  
-2.7  0.2  -0.887241  
-2.7  0.3  -0.887376  
-2.7  0.4  -0.88756  
-2.7  0.5  -0.88779  
-2.7  0.6  -0.888062  
-2.7  0.7  -0.88837  
-2.7  0.8  -0.888709  
-2.7  0.9  -0.889075  
-2.7  1  -0.88946  
-2.7  1.1  -0.88986  
-2.7  1.2  -0.890269  
-2.7  1.3  -0.890684  
-2.7  1.4  -0.8911  
-2.7  1.5  -0.891513  
-2.7  1.6  -0.89192  
-2.7  1.7  -0.892318  
-2.7  1.8  -0.892707  
-2.7  1.9  -0.893082  
-2.7  2  -0.893445  
-2.7  2.1  -0.893793  
-2.7  2.2  -0.894125  
-2.7  2.3  -0.894443  
-2.7  2.4  -0.894745  
-2.7  2.5  -0.895032  
-2.7  2.6  -0.895304  
-2.7  2.7  -0.895561  
-2.7  2.8  -0.895804  
-2.7  2.9  -0.896033  
-2.7  3  -0.896249  

-2.6  -3  -0.861781  
-2.6  -2.9  -0.86149  
-2.6  -2.8  -0.86118  
-2.6  -2.7  -0.860851  
-2.6  -2.6  -0.860501  
-2.6  -2.5  -0.86013  
-2.6  -2.4  -0.859736  
-2.6  -2.3  -0.859321  
-2.6  -2.2  -0.858882  
-2.6  -2.1  -0.85842  
-2.6  -2  -0.857935  
-2.6  -1.9  -0.857428  
-2.6  -1.8  -0.8569  
-2.6  -1.7  -0.856352  
-2.6  -1.6  -0.855786  
-2.6  -1.5  -0.855206  
-2.6  -1.4  -0.854614  
-2.6  -1.3  -0.854016  
-2.6  -1.2  -0.853417  
-2.6  -1.1  -0.852822  
-2.6  -1  -0.852239  
-2.6  -0.9  -0.851674  
-2.6  -0.8  -0.851137  
-2.6  -0.7  -0.850636  
-2.6  -0.6  -0.850179  
-2.6  -0.5  -0.849776  
-2.6  -0.4  -0.849433  
-2.6  -0.3  -0.849158  
-2.6  -0.2  -0.848957  
-2.6  -0.0999999  -0.848835  
-2.6  0  -0.848794  
-2.6  0.1  -0.848835  
-2.6  0.2  -0.848957  
-2.6  0.3  -0.849158  
-2.6  0.4  -0.849433  
-2.6  0.5  -0.849776  
-2.6  0.6  -0.850179  
-2.6  0.7  -0.850636  
-2.6  0.8  -0.851137  
-2.6  0.9  -0.851674  
-2.6  1  -0.852239  
-2.6  1.1  -0.852822  
-2.6  1.2  -0.853417  
-2.6  1.3  -0.854016  
-2.6  1.4  -0.854614  
-2.6  1.5  -0.855206  
-2.6  1.6  -0.855786  
-2.6  1.7  -0.856352  
-2.6  1.8  -0.8569  
-2.6  1.9  -0.857428  
-2.6  2  -0.857935  
-2.6  2.1  -0.85842  
-2.6  2.2  -0.858882  
-2.6  2.3  -0.859321  
-2.6  2.4  -0.859736  
-2.6  2.5  -0.86013  
-2.6  2.6  -0.860501  
-2.6  2.7  -0.860851  
-2.6  2.8  -0.86118  
-2.6  2.9  -0.86149  
-2.6  3  -0.861781  

-2.5  -3  -0.82738  
-2.5  -2.9  -0.827013  
-2.5  -2.8  -0.826622  
-2.5  -2.7  -0.826204  
-2.5  -2.6  -0.825758  
-2.5  -2.5  -0.825284  
-2.5  -2.4  -0.824779  
-2.5  -2.3  -0.824244  
-2.5  -2.2  -0.823676  
-2.5  -2.1  -0.823076  
-2.5  -2  -0.822443  
-2.5  -1.9  -0.821778  
-2.5  -1.8  -0.821082  
-2.5  -1.7  -0.820356  
-2.5  -1.6  -0.819604  
-2.5  -1.5  -0.818827  
-2.5  -1.4  -0.818033  
-2.5  -1.3  -0.817225  
-2.5  -1.2  -0.816411  
-2.5  -1.1  -0.815599  
-2.5  -1  -0.814799  
-2.5  -0.9  -0.814022  
-2.5  -0.8  -0.813279  
-2.5  -0.7  -0.812583  
-2.5  -0.6  -0.811946  
-2.5  -0.5  -0.811381  
-2.5  -0.4  -0.8109  
-2.5  -0.3  -0.810514  
-2.5  -0.2  -0.810231  
-2.5  -0.0999999  -0.810058  
-2.5  0  -0.81  
-2.5  0.1  -0.810058  
-2.5  0.2  -0.810231  
-2.5  0.3  -0.810514  
-2.5  0.4  -0.8109  
-2.5  0.5  -0.811381  
-2.5  0.6  -0.811946  
-2.5  0.7  -0.812583  
-2.5  0.8  -0.813279  
-2.5  0.9  -0.814022  
-2.5  1  -0.814799  
-2.5  1.1  -0.815599  
-2.5  1.2  -0.816411  
-2.5  1.3  -0.817225  
-2.5  1.4  -0.818033  
-2.5  1.5  -0.818827  
-2.5  1.6  -0.819604  
-2.5  1.7  -0.820356  
-2.5  1.8  -0.821082  
-2.5  1.9  -0.821778  
-2.5  2  -0.822443  
-2.5  2.1  -0.823076  
-2.5  2.2  -0.823676  
-2.5  2.3  -0.824244  
-2.5  2.4  -0.824779  
-2.5  2.5  -0.825284  
-2.5  2.6  -0.825758  
-2.5  2.7  -0.826204  
-2.5  2.8  -0.826622  
-2.5  2.9  -0.827013  
-2.5  3  -0.82738  

-2.4  -3  -0.793053  
-2.4  -2.9  -0.79261  
-2.4  -2.8  -0.792135  
-2.4  -2.7  -0.791628  
-2.4  -2.6  -0.791084  
-2.4  -2.5  -0.790504  
-2.4  -2.4  -0.789883  
-2.4  -2.3  -0.789221  
-2.4  -2.2  -0.788517  
-2.4  -2.1  -0.78777  
-2.4  -2  -0.786978  
-2.4  -1.9  -0.786141  
-2.4  -1.8  -0.785261  
-2.4  -1.7  -0.784339  
-2.4  -1.6  -0.783378  
-2.4  -1.5  -0.782381  
-2.4  -1.4  -0.781354  
-2.4  -1.3  -0.780305  
-2.4  -1.2  -0.779243  
-2.4  -1.1  -0.778177  
-2.4  -1  -0.777121  
-2.4  -0.9  -0.776091  
-2.4  -0.8  -0.7751  
-2.4  -0.7  -0.774168  
-2.4  -0.6  -0.773312  
-2.4  -0.5  -0.772549  
-2.4  -0.4  -0.771897  
-2.4  -0.3  -0.771373  
-2.4  -0.2  -0.770987  
-2.4  -0.0999999  -0.770752  
-2.4  0  -0.770673  
-2.4  0.1  -0.770752  
-2.4  0.2  -0.770987  
-2.4  0.3  -0.771373  
-2.4  0.4  -0.771897  
-2.4  0.5  -0.772549  
-2.4  0.6  -0.773311  
-2.4  0.7  -0.774168  
-2.4  0.8  -0.7751  
-2.4  0.9  -0.776091  
-2.4  1  -0.777121  
-2.4  1.1  -0.778177  
-2.4  1.2  -0.779242  
-2.4  1.3  -0.780305  
-2.4  1.4  -0.781354  
-2.4  1.5  -0.782381  
-2.4  1.6  -0.783378  
-2.4  1.7  -0.784339  
-2.4  1.8  -0.785261  
-2.4  1.9  -0.786141  
-2.4  2  -0.786978  
-2.4  2.1  -0.78777  
-2.4  2.2  -0.788517  
-2.4  2.3  -0.789221  
-2.4  2.4  -0.789883  
-2.4  2.5  -0.790503  
-2.4  2.6  -0.791085  
-2.4  2.7  -0.791628  
-2.4  2.8  -0.792136  
-2.4  2.9  -0.79261  
-2.4  3  -0.793053  

-2.3  -3  -0.758804  
-2.3  -2.9  -0.758286  
-2.3  -2.8  -0.757729  
-2.3  -2.7  -0.757131  
-2.3  -2.6  -0.756488  
-2.3  -2.5  -0.755798  
-2.3  -2.4  -0.755058  
-2.3  -2.3  -0.754265  
-2.3  -2.2  -0.753418  
-2.3  -2.1  -0.752514  
-2.3  -2  -0.751551  
-2.3  -1.9  -0.75053  
-2.3  -1.8  -0.749449  
-2.3  -1.7  -0.74831  
-2.3  -1.6  -0.747116  
-2.3  -1.5  -0.745871  
-2.3  -1.4  -0.744581  
-2.3  -1.3  -0.743255  
-2.3  -1.2  -0.741903  
-2.3  -1.1  -0.740541  
-2.3  -1  -0.739183  
-2.3  -0.9  -0.737849  
-2.3  -0.8  -0.73656  
-2.3  -0.7  -0.735341  
-2.3  -0.6  -0.734216  
-2.3  -0.5  -0.73321  
-2.3  -0.4  -0.732347  
-2.3  -0.3  -0.73165  
-2.3  -0.2  -0.731138  
-2.3  -0.0999999  -0.730824  
-2.3  0  -0.730718  
-2.3  0.1  -0.730824  
-2.3  0.2  -0.731138  
-2.3  0.3  -0.73165  
-2.3  0.4  -0.732347  
-2.3  0.5  -0.73321  
-2.3  0.6  -0.734216  
-2.3  0.7  -0.735341  
-2.3  0.8  -0.73656  
-2.3  0.9  -0.737849  
-2.3  1  -0.739183  
-2.3  1.1  -0.740541  
-2.3  1.2  -0.741903  
-2.3  1.3  -0.743255  
-2.3  1.4  -0.744581  
-2.3  1.5  -0.745871  
-2.3  1.6  -0.747116  
-2.3  1.7  -0.74831  
-2.3  1.8  -0.749449  
-2.3  1.9  -0.75053  
-2.3  2  -0.751551  
-2.3  2.1  -0.752514  
-2.3  2.2  -0.753418  
-2.3  2.3  -0.754265  
-2.3  2.4  -0.755058  
-2.3  2.5  -0.755798  
-2.3  2.6  -0.756488  
-2.3  2.7  -0.757131  
-2.3  2.8  -0.757729  
-2.3  2.9  -0.758286  
-2.3  3  -0.758804  

-2.2  -3  -0.724641  
-2.2  -2.9  -0.724049  
-2.2  -2.8  -0.72341  
-2.2  -2.7  -0.722722  
-2.2  -2.6  -0.721979  
-2.2  -2.5  -0.721178  
-2.2  -2.4  -0.720316  
-2.2  -2.3  -0.719388  
-2.2  -2.2  -0.718391  
-2.2  -2.1  -0.717322  
-2.2  -2  -0.716178  
-2.2  -1.9  -0.714957  
-2.2  -1.8  -0.713658  
-2.2  -1.7  -0.712282  
-2.2  -1.6  -0.71083  
-2.2  -1.5  -0.709306  
-2.2  -1.4  -0.707717  
-2.2  -1.3  -0.706073  
-2.2  -1.2  -0.704387  
-2.2  -1.1  -0.702676  
-2.2  -1  -0.700959  
-2.2  -0.9  -0.699263  
-2.2  -0.8  -0.697614  
-2.2  -0.7  -0.696046  
-2.2  -0.6  -0.69459  
-2.2  -0.5  -0.693283  
-2.2  -0.4  -0.692157  
-2.2  -0.3  -0.691244  
-2.2  -0.2  -0.690571  
-2.2  -0.0999999  -0.690158  
-2.2  0  -0.690019  
-2.2  0.1  -0.690158  
-2.2  0.2  -0.690571  
-2.2  0.3  -0.691244  
-2.2  0.4  -0.692157  
-2.2  0.5  -0.693283  
-2.2  0.6  -0.69459  
-2.2  0.7  -0.696046  
-2.2  0.8  -0.697614  
-2.2  0.9  -0.699263  
-2.2  1  -0.700959  
-2.2  1.1  -0.702676  
-2.2  1.2  -0.704387  
-2.2  1.3  -0.706073  
-2.2  1.4  -0.707717  
-2.2  1.5  -0.709306  
-2.2  1.6  -0.71083  
-2.2  1.7  -0.712282  
-2.2  1.8  -0.713658  
-2.2  1.9  -0.714957  
-2.2  2  -0.716178  
-2.2  2.1  -0.717322  
-2.2  2.2  -0.718391  
-2.2  2.3  -0.719388  
-2.2  2.4  -0.720315  
-2.2  2.5  -0.721178  
-2.2  2.6  -0.721979  
-2.2  2.7  -0.722722  
-2.2  2.8  -0.72341  
-2.2  2.9  -0.724049  
-2.2  3  -0.724641  

-2.1  -3  -0.690569  
-2.1  -2.9  -0.689905  
-2.1  -2.8  -0.689187  
-2.1  -2.7  -0.688409  
-2.1  -2.6  -0.687566  
-2.1  -2.5  -0.686655  
-2.1  -2.4  -0.685668  
-2.1  -2.3  -0.684602  
-2.1  -2.2  -0.683451  
-2.1  -2.1  -0.68221  
-2.1  -2  -0.680874  
-2.1  -1.9  -0.679441  
-2.1  -1.8  -0.677906  
-2.1  -1.7  -0.67627  
-2.1  -1.6  -0.674532  
-2.1  -1.5  -0.672697  
-2.1  -1.4  -0.670771  
-2.1  -1.3  -0.668763  
-2.1  -1.2  -0.666689  
-2.1  -1.1  -0.664569  
-2.1  -1  -0.662427  
-2.1  -0.9  -0.660296  
-2.1  -0.8  -0.658212  
-2.1  -0.7  -0.656215  
-2.1  -0.6  -0.654352  
-2.1  -0.5  -0.652668  
-2.1  -0.4  -0.651212  
-2.1  -0.3  -0.650027  
-2.1  -0.2  -0.64915  
-2.1  -0.0999999  -0.648612  
-2.1  0  -0.64843  
-2.1  0.1  -0.648612  
-2.1  0.2  -0.64915  
-2.1  0.3  -0.650027  
-2.1  0.4  -0.651212  
-2.1  0.5  -0.652668  
-2.1  0.6  -0.654352  
-2.1  0.7  -0.656215  
-2.1  0.8  -0.658212  
-2.1  0.9  -0.660296  
-2.1  1  -0.662427  
-2.1  1.1  -0.664569  
-2.1  1.2  -0.666689  
-2.1  1.3  -0.668763  
-2.1  1.4  -0.670771  
-2.1  1.5  -0.672697  
-2.1  1.6  -0.674532  
-2.1  1.7  -0.67627  
-2.1  1.8  -0.677906  
-2.1  1.9  -0.679441  
-2.1  2  -0.680874  
-2.1  2.1  -0.682209  
-2.1  2.2  -0.683451  
-2.1  2.3  -0.684602  
-2.1  2.4  -0.685668  
-2.1  2.5  -0.686655  
-2.1  2.6  -0.687566  
-2.1  2.7  -0.688409  
-2.1  2.8  -0.689187  
-2.1  2.9  -0.689905  
-2.1  3  -0.690569  

-2  -3  -0.656594  
-2  -2.9  -0.655862  
-2  -2.8  -0.655067  
-2  -2.7  -0.654203  
-2  -2.6  -0.653263  
-2  -2.5  -0.652241  
-2  -2.4  -0.65113  
-2  -2.3  -0.649923  
-2  -2.2  -0.648614  
-2  -2.1  -0.647195  
-2  -2  -0.645659  
-2  -1.9  -0.644  
-2  -1.8  -0.642213  
-2  -1.7  -0.640295  
-2  -1.6  -0.638244  
-2  -1.5  -0.636061  
-2  -1.4  -0.633754  
-2  -1.3  -0.631331  
-2  -1.2  -0.628808  
-2  -1.1  -0.626209  
-2  -1  -0.623564  
-2  -0.9  -0.62091  
-2  -0.8  -0.618295  
-2  -0.7  -0.615772  
-2  -0.6  -0.613402  
-2  -0.5  -0.611248  
-2  -0.4  -0.609375  
-2  -0.3  -0.607843  
-2  -0.2  -0.606706  
-2  -0.0999999  -0.606006  
-2  0  -0.605769  
-2  0.1  -0.606006  
-2  0.2  -0.606706  
-2  0.3  -0.607843  
-2  0.4  -0.609374  
-2  0.5  -0.611248  
-2  0.6  -0.613402  
-2  0.7  -0.615772  
-2  0.8  -0.618295  
-2  0.9  -0.62091  
-2  1  -0.623564  
-2  1.1  -0.626209  
-2  1.2  -0.628808  
-2  1.3  -0.631331  
-2  1.4  -0.633754  
-2  1.5  -0.636061  
-2  1.6  -0.638244  
-2  1.7  -0.640295  
-2  1.8  -0.642213  
-2  1.9  -0.644  
-2  2  -0.645658  
-2  2.1  -0.647194  
-2  2.2  -0.648614  
-2  2.3  -0.649923  
-2  2.4  -0.65113  
-2  2.5  -0.65224  
-2  2.6  -0.653262  
-2  2.7  -0.654203  
-2  2.8  -0.655067  
-2  2.9  -0.655862  
-2  3  -0.656594  

-1.9  -3  -0.622723  
-1.9  -2.9  -0.621927  
-1.9  -2.8  -0.621059  
-1.9  -2.7  -0.620111  
-1.9  -2.6  -0.619077  
-1.9  -2.5  -0.617948  
-1.9  -2.4  -0.616714  
-1.9  -2.3  -0.615368  
-1.9  -2.2  -0.613899  
-1.9  -2.1  -0.612297  
-1.9  -2  -0.610553  
-1.9  -1.9  -0.608658  
-1.9  -1.8  -0.606603  
-1.9  -1.7  -0.604381  
-1.9  -1.6  -0.601987  
-1.9  -1.5  -0.599422  
-1.9  -1.4  -0.596686  
-1.9  -1.3  -0.59379  
-1.9  -1.2  -0.590749  
-1.9  -1.1  -0.58759  
-1.9  -1  -0.584345  
-1.9  -0.9  -0.581063  
-1.9  -0.8  -0.577801  
-1.9  -0.7  -0.574629  
-1.9  -0.6  -0.571626  
-1.9  -0.5  -0.568877  
-1.9  -0.4  -0.566472  
-1.9  -0.3  -0.564495  
-1.9  -0.2  -0.563022  
-1.9  -0.0999999  -0.562112  
-1.9  0  -0.561805  
-1.9  0.1  -0.562112  
-1.9  0.2  -0.563022  
-1.9  0.3  -0.564495  
-1.9  0.4  -0.566472  
-1.9  0.5  -0.568877  
-1.9  0.6  -0.571625  
-1.9  0.7  -0.574629  
-1.9  0.8  -0.577801  
-1.9  0.9  -0.581063  
-1.9  1  -0.584345  
-1.9  1.1  -0.58759  
-1.9  1.2  -0.59075  
-1.9  1.3  -0.59379  
-1.9  1.4  -0.596686  
-1.9  1.5  -0.599421  
-1.9  1.6  -0.601987  
-1.9  1.7  -0.604381  
-1.9  1.8  -0.606602  
-1.9  1.9  -0.608658  
-1.9  2  -0.610553  
-1.9  2.1  -0.612297  
-1.9  2.2  -0.613899  
-1.9  2.3  -0.615368  
-1.9  2.4  -0.616714  
-1.9  2.5  -0.617948  
-1.9  2.6  -0.619077  
-1.9  2.7  -0.620112  
-1.9  2.8  -0.621059  
-1.9  2.9  -0.621927  
-1.9  3  -0.622723  

-1.8  -3  -0.588959  
-1.8  -2.9  -0.588106  
-1.8  -2.8  -0.587171  
-1.8  -2.7  -0.586146  
-1.8  -2.6  -0.585023  
-1.8  -2.5  -0.58379  
-1.8  -2.4  -0.582437  
-1.8  -2.3  -0.580953  
-1.8  -2.2  -0.579324  
-1.8  -2.1  -0.577539  
-1.8  -2  -0.575582  
-1.8  -1.9  -0.573442  
-1.8  -1.8  -0.571105  
-1.8  -1.7  -0.568559  
-1.8  -1.6  -0.565795  
-1.8  -1.5  -0.562807  
-1.8  -1.4  -0.559594  
-1.8  -1.3  -0.556162  
-1.8  -1.2  -0.552525  
-1.8  -1.1  -0.54871  
-1.8  -1  -0.544754  
-1.8  -0.9  -0.540714  
-1.8  -0.8  -0.536661  
-1.8  -0.7  -0.532683  
-1.8  -0.6  -0.528884  
-1.8  -0.5  -0.525379  
-1.8  -0.4  -0.52229  
-1.8  -0.3  -0.519736  
-1.8  -0.2  -0.517824  
-1.8  -0.0999999  -0.51664  
-1.8  0  -0.516239  
-1.8  0.1  -0.51664  
-1.8  0.2  -0.517824  
-1.8  0.3  -0.519736  
-1.8  0.4  -0.52229  
-1.8  0.5  -0.525379  
-1.8  0.6  -0.528884  
-1.8  0.7  -0.532683  
-1.8  0.8  -0.536661  
-1.8  0.9  -0.540714  
-1.8  1  -0.544754  
-1.8  1.1  -0.54871  
-1.8  1.2  -0.552525  
-1.8  1.3  -0.556162  
-1.8  1.4  -0.559594  
-1.8  1.5  -0.562807  
-1.8  1.6  -0.565795  
-1.8  1.7  -0.568559  
-1.8  1.8  -0.571104  
-1.8  1.9  -0.573442  
-1.8  2  -0.575582  
-1.8  2.1  -0.577539  
-1.8  2.2  -0.579325  
-1.8  2.3  -0.580953  
-1.8  2.4  -0.582437  
-1.8  2.5  -0.58379  
-1.8  2.6  -0.585022  
-1.8  2.7  -0.586146  
-1.8  2.8  -0.58717  
-1.8  2.9  -0.588106  
-1.8  3  -0.588959  

-1.7  -3  -0.55531  
-1.7  -2.9  -0.554404  
-1.7  -2.8  -0.553409  
-1.7  -2.7  -0.552314  
-1.7  -2.6  -0.551109  
-1.7  -2.5  -0.54978  
-1.7  -2.4  -0.548314  
-1.7  -2.3  -0.546697  
-1.7  -2.2  -0.544913  
-1.7  -2.1  -0.542945  
-1.7  -2  -0.540775  
-1.7  -1.9  -0.538384  
-1.7  -1.8  -0.535753  
-1.7  -1.7  -0.532865  
-1.7  -1.6  -0.529704  
-1.7  -1.5  -0.526256  
-1.7  -1.4  -0.522515  
-1.7  -1.3  -0.518478  
-1.7  -1.2  -0.514158  
-1.7  -1.1  -0.509578  
-1.7  -1  -0.504779  
-1.7  -0.9  -0.499825  
-1.7  -0.8  -0.494801  
-1.7  -0.7  -0.489819  
-1.7  -0.6  -0.485013  
-1.7  -0.5  -0.480538  
-1.7  -0.4  -0.476562  
-1.7  -0.3  -0.473252  
-1.7  -0.2  -0.47076  
-1.7  -0.0999999  -0.469211  
-1.7  0  -0.468685  
-1.7  0.1  -0.469211  
-1.7  0.2  -0.47076  
-1.7  0.3  -0.473252  
-1.7  0.4  -0.476562  
-1.7  0.5  -0.480538  
-1.7  0.6  -0.485013  
-1.7  0.7  -0.489819  
-1.7  0.8  -0.494801  
-1.7  0.9  -0.499825  
-1.7  1  -0.504779  
-1.7  1.1  -0.509578  
-1.7  1.2  -0.514158  
-1.7  1.3  -0.518478  
-1.7  1.4  -0.522515  
-1.7  1.5  -0.526257  
-1.7  1.6  -0.529704  
-1.7  1.7  -0.532865  
-1.7  1.8  -0.535753  
-1.7  1.9  -0.538384  
-1.7  2  -0.540775  
-1.7  2.1  -0.542945  
-1.7  2.2  -0.544913  
-1.7  2.3  -0.546697  
-1.7  2.4  -0.548314  
-1.7  2.5  -0.54978  
-1.7  2.6  -0.551109  
-1.7  2.7  -0.552314  
-1.7  2.8  -0.553409  
-1.7  2.9  -0.554404  
-1.7  3  -0.55531  

-1.6  -3  -0.521778  
-1.6  -2.9  -0.520829  
-1.6  -2.8  -0.519783  
-1.6  -2.7  -0.518626  
-1.6  -2.6  -0.517347  
-1.6  -2.5  -0.515931  
-1.6  -2.4  -0.514361  
-1.6  -2.3  -0.51262  
-1.6  -2.2  -0.510688  
-1.6  -2.1  -0.508542  
-1.6  -2  -0.506161  
-1.6  -1.9  -0.503518  
-1.6  -1.8  -0.500588  
-1.6  -1.7  -0.497345  
-1.6  -1.6  -0.493763  
-1.6  -1.5  -0.48982  
-1.6  -1.4  -0.485498  
-1.6  -1.3  -0.480786  
-1.6  -1.2  -0.475687  
-1.6  -1.1  -0.470219  
-1.6  -1  -0.464422  
-1.6  -0.9  -0.458364  
-1.6  -0.8  -0.452146  
-1.6  -0.7  -0.445907  
-1.6  -0.6  -0.439819  
-1.6  -0.5  -0.434089  
-1.6  -0.4  -0.428949  
-1.6  -0.3  -0.424635  
-1.6  -0.2  -0.421366  
-1.6  -0.0999999  -0.419324  
-1.6  0  -0.41863  
-1.6  0.1  -0.419324  
-1.6  0.2  -0.421366  
-1.6  0.3  -0.424635  
-1.6  0.4  -0.428949  
-1.6  0.5  -0.434089  
-1.6  0.6  -0.439818  
-1.6  0.7  -0.445907  
-1.6  0.8  -0.452146  
-1.6  0.9  -0.458364  
-1.6  1  -0.464422  
-1.6  1.1  -0.470219  
-1.6  1.2  -0.475687  
-1.6  1.3  -0.480786  
-1.6  1.4  -0.485498  
-1.6  1.5  -0.48982  
-1.6  1.6  -0.493763  
-1.6  1.7  -0.497345  
-1.6  1.8  -0.500588  
-1.6  1.9  -0.503518  
-1.6  2  -0.506161  
-1.6  2.1  -0.508542  
-1.6  2.2  -0.510688  
-1.6  2.3  -0.51262  
-1.6  2.4  -0.514361  
-1.6  2.5  -0.515931  
-1.6  2.6  -0.517347  
-1.6  2.7  -0.518626  
-1.6  2.8  -0.519783  
-1.6  2.9  -0.520829  
-1.6  3  -0.521778  

-1.5  -3  -0.488367  
-1.5  -2.9  -0.487384  
-1.5  -2.8  -0.486296  
-1.5  -2.7  -0.485089  
-1.5  -2.6  -0.483748  
-1.5  -2.5  -0.482256  
-1.5  -2.4  -0.480594  
-1.5  -2.3  -0.478741  
-1.5  -2.2  -0.476671  
-1.5  -2.1  -0.474359  
-1.5  -2  -0.471774  
-1.5  -1.9  -0.468885  
-1.5  -1.8  -0.465655  
-1.5  -1.7  -0.46205  
-1.5  -1.6  -0.45803  
-1.5  -1.5  -0.453561  
-1.5  -1.4  -0.448609  
-1.5  -1.3  -0.44315  
-1.5  -1.2  -0.43717  
-1.5  -1.1  -0.430676  
-1.5  -1  -0.423701  
-1.5  -0.9  -0.416313  
-1.5  -0.8  -0.408626  
-1.5  -0.7  -0.400805  
-1.5  -0.6  -0.393073  
-1.5  -0.5  -0.385706  
-1.5  -0.4  -0.379021  
-1.5  -0.3  -0.373354  
-1.5  -0.2  -0.369028  
-1.5  -0.0999999  -0.366311  
-1.5  0  -0.365385  
-1.5  0.1  -0.366311  
-1.5  0.2  -0.369028  
-1.5  0.3  -0.373354  
-1.5  0.4  -0.379021  
-1.5  0.5  -0.385706  
-1.5  0.6  -0.393073  
-1.5  0.7  -0.400805  
-1.5  0.8  -0.408626  
-1.5  0.9  -0.416313  
-1.5  1  -0.423701  
-1.5  1.1  -0.430676  
-1.5  1.2  -0.43717  
-1.5  1.3  -0.44315  
-1.5  1.4  -0.448609  
-1.5  1.5  -0.453561  
-1.5  1.6  -0.45803  
-1.5  1.7  -0.46205  
-1.5  1.8  -0.465655  
-1.5  1.9  -0.468885  
-1.5  2  -0.471774  
-1.5  2.1  -0.474359  
-1.5  2.2  -0.476671  
-1.5  2.3  -0.478741  
-1.5  2.4  -0.480594  
-1.5  2.5  -0.482256  
-1.5  2.6  -0.483748  
-1.5  2.7  -0.485089  
-1.5  2.8  -0.486296  
-1.5  2.9  -0.487384  
-1.5  3  -0.488367  

-1.4  -3  -0.45508  
-1.4  -2.9  -0.454074  
-1.4  -2.8  -0.452956  
-1.4  -2.7  -0.45171  
-1.4  -2.6  -0.450321  
-1.4  -2.5  -0.448768  
-1.4  -2.4  -0.447029  
-1.4  -2.3  -0.445078  
-1.4  -2.2  -0.442888  
-1.4  -2.1  -0.440424  
-1.4  -2  -0.437651  
-1.4  -1.9  -0.434526  
-1.4  -1.8  -0.431005  
-1.4  -1.7  -0.427039  
-1.4  -1.6  -0.422573  
-1.4  -1.5  -0.417556  
-1.4  -1.4  -0.411933  
-1.4  -1.3  -0.405657  
-1.4  -1.2  -0.398693  
-1.4  -1.1  -0.391024  
-1.4  -1  -0.382667  
-1.4  -0.9  -0.373679  
-1.4  -0.8  -0.364182  
-1.4  -0.7  -0.354367  
-1.4  -0.6  -0.344514  
-1.4  -0.5  -0.334987  
-1.4  -0.4  -0.326224  
-1.4  -0.3  -0.31871  
-1.4  -0.2  -0.312919  
-1.4  -0.0999999  -0.309259  
-1.4  0  -0.308006  
-1.4  0.1  -0.309259  
-1.4  0.2  -0.312919  
-1.4  0.3  -0.31871  
-1.4  0.4  -0.326224  
-1.4  0.5  -0.334987  
-1.4  0.6  -0.344514  
-1.4  0.7  -0.354367  
-1.4  0.8  -0.364182  
-1.4  0.9  -0.373679  
-1.4  1  -0.382667  
-1.4  1.1  -0.391024  
-1.4  1.2  -0.398693  
-1.4  1.3  -0.405657  
-1.4  1.4  -0.411933  
-1.4  1.5  -0.417556  
-1.4  1.6  -0.422573  
-1.4  1.7  -0.427039  
-1.4  1.8  -0.431005  
-1.4  1.9  -0.434526  
-1.4  2  -0.437651  
-1.4  2.1  -0.440424  
-1.4  2.2  -0.442888  
-1.4  2.3  -0.445078  
-1.4  2.4  -0.447029  
-1.4  2.5  -0.448768  
-1.4  2.6  -0.450321  
-1.4  2.7  -0.45171  
-1.4  2.8  -0.452956  
-1.4  2.9  -0.454074  
-1.4  3  -0.45508  

-1.3  -3  -0.421917  
-1.3  -2.9  -0.4209  
-1.3  -2.8  -0.419765  
-1.3  -2.7  -0.418496  
-1.3  -2.6  -0.417073  
-1.3  -2.5  -0.415476  
-1.3  -2.4  -0.413678  
-1.3  -2.3  -0.411651  
-1.3  -2.2  -0.409361  
-1.3  -2.1  -0.406768  
-1.3  -2  -0.403828  
-1.3  -1.9  -0.40049  
-1.3  -1.8  -0.396695  
-1.3  -1.7  -0.39238  
-1.3  -1.6  -0.387474  
-1.3  -1.5  -0.381898  
-1.3  -1.4  -0.375574  
-1.3  -1.3  -0.368423  
-1.3  -1.2  -0.360375  
-1.3  -1.1  -0.351377  
-1.3  -1  -0.341412  
-1.3  -0.9  -0.330511  
-1.3  -0.8  -0.318787  
-1.3  -0.7  -0.306452  
-1.3  -0.6  -0.293844  
-1.3  -0.5  -0.28144  
-1.3  -0.4  -0.269847  
-1.3  -0.3  -0.259763  
-1.3  -0.2  -0.251904  
-1.3  -0.0999999  -0.246896  
-1.3  0  -0.245175  
-1.3  0.1  -0.246896  
-1.3  0.2  -0.251904  
-1.3  0.3  -0.259763  
-1.3  0.4  -0.269847  
-1.3  0.5  -0.28144  
-1.3  0.6  -0.293844  
-1.3  0.7  -0.306452  
-1.3  0.8  -0.318787  
-1.3  0.9  -0.330511  
-1.3  1  -0.341411  
-1.3  1.1  -0.351377  
-1.3  1.2  -0.360375  
-1.3  1.3  -0.368423  
-1.3  1.4  -0.375574  
-1.3  1.5  -0.381898  
-1.3  1.6  -0.387474  
-1.3  1.7  -0.39238  
-1.3  1.8  -0.396695  
-1.3  1.9  -0.400489  
-1.3  2  -0.403828  
-1.3  2.1  -0.406768  
-1.3  2.2  -0.409361  
-1.3  2.3  -0.411651  
-1.3  2.4  -0.413678  
-1.3  2.5  -0.415476  
-1.3  2.6  -0.417073  
-1.3  2.7  -0.418496  
-1.3  2.8  -0.419765  
-1.3  2.9  -0.4209  
-1.3  3  -0.421917  

-1.2  -3  -0.38888  
-1.2  -2.9  -0.387864  
-1.2  -2.8  -0.386726  
-1.2  -2.7  -0.385449  
-1.2  -2.6  -0.384012  
-1.2  -2.5  -0.38239  
-1.2  -2.4  -0.380556  
-1.2  -2.3  -0.378477  
-1.2  -2.2  -0.376113  
-1.2  -2.1  -0.373419  
-1.2  -2  -0.370342  
-1.2  -1.9  -0.366822  
-1.2  -1.8  -0.362785  
-1.2  -1.7  -0.35815  
-1.2  -1.6  -0.352823  
-1.2  -1.5  -0.346699  
-1.2  -1.4  -0.339664  
-1.2  -1.3  -0.331598  
-1.2  -1.2  -0.32238  
-1.2  -1.1  -0.311904  
-1.2  -1  -0.300091  
-1.2  -0.9  -0.286922  
-1.2  -0.8  -0.272472  
-1.2  -0.7  -0.256949  
-1.2  -0.6  -0.240745  
-1.2  -0.5  -0.224473  
-1.2  -0.4  -0.208966  
-1.2  -0.3  -0.195243  
-1.2  -0.2  -0.184394  
-1.2  -0.0999999  -0.177412  
-1.2  0  -0.175  
-1.2  0.1  -0.177412  
-1.2  0.2  -0.184394  
-1.2  0.3  -0.195243  
-1.2  0.4  -0.208966  
-1.2  0.5  -0.224473  
-1.2  0.6  -0.240745  
-1.2  0.7  -0.256949  
-1.2  0.8  -0.272472  
-1.2  0.9  -0.286922  
-1.2  1  -0.300091  
-1.2  1.1  -0.311904  
-1.2  1.2  -0.32238  
-1.2  1.3  -0.331598  
-1.2  1.4  -0.339664  
-1.2  1.5  -0.346699  
-1.2  1.6  -0.352823  
-1.2  1.7  -0.35815  
-1.2  1.8  -0.362785  
-1.2  1.9  -0.366822  
-1.2  2  -0.370342  
-1.2  2.1  -0.373419  
-1.2  2.2  -0.376113  
-1.2  2.3  -0.378477  
-1.2  2.4  -0.380556  
-1.2  2.5  -0.38239  
-1.2  2.6  -0.384012  
-1.2  2.7  -0.385449  
-1.2  2.8  -0.386726  
-1.2  2.9  -0.387864  
-1.2  3  -0.38888  

-1.1  -3  -0.355966  
-1.1  -2.9  -0.354964  
-1.1  -2.8  -0.35384  
-1.1  -2.7  -0.352572  
-1.1  -2.6  -0.35114  
-1.1  -2.5  -0.349517  
-1.1  -2.4  -0.347672  
-1.1  -2.3  -0.345569  
-1.1  -2.2  -0.343164  
-1.1  -2.1  -0.340405  
-1.1  -2  -0.337232  
-1.1  -1.9  -0.333571  
-1.1  -1.8  -0.329336  
-1.1  -1.7  -0.324426  
-1.1  -1.6  -0.318722  
-1.1  -1.5  -0.312086  
-1.1  -1.4  -0.30436  
-1.1  -1.3  -0.295369  
-1.1  -1.2  -0.284926  
-1.1  -1.1  -0.272842  
-1.1  -1  -0.258947  
-1.1  -0.9  -0.243126  
-1.1  -0.8  -0.225364  
-1.1  -0.7  -0.20582  
-1.1  -0.6  -0.184911  
-1.1  -0.5  -0.163386  
-1.1  -0.4  -0.142384  
-1.1  -0.3  -0.123395  
-1.1  -0.2  -0.108115  
-1.1  -0.0999999  -0.0981555  
-1.1  0  -0.0946917  
-1.1  0.1  -0.0981555  
-1.1  0.2  -0.108115  
-1.1  0.3  -0.123395  
-1.1  0.4  -0.142384  
-1.1  0.5  -0.163386  
-1.1  0.6  -0.184911  
-1.1  0.7  -0.20582  
-1.1  0.8  -0.225364  
-1.1  0.9  -0.243126  
-1.1  1  -0.258947  
-1.1  1.1  -0.272842  
-1.1  1.2  -0.284926  
-1.1  1.3  -0.295369  
-1.1  1.4  -0.30436  
-1.1  1.5  -0.312086  
-1.1  1.6  -0.318722  
-1.1  1.7  -0.324426  
-1.1  1.8  -0.329336  
-1.1  1.9  -0.333571  
-1.1  2  -0.337232  
-1.1  2.1  -0.340405  
-1.1  2.2  -0.343164  
-1.1  2.3  -0.345569  
-1.1  2.4  -0.347672  
-1.1  2.5  -0.349517  
-1.1  2.6  -0.35114  
-1.1  2.7  -0.352572  
-1.1  2.8  -0.353839  
-1.1  2.9  -0.354964  
-1.1  3  -0.355965  

-1  -3  -0.323171  
-1  -2.9  -0.322199  
-1  -2.8  -0.321104  
-1  -2.7  -0.319864  
-1  -2.6  -0.318459  
-1  -2.5  -0.316859  
-1  -2.4  -0.315032  
-1  -2.3  -0.312938  
-1  -2.2  -0.310529  
-1  -2.1  -0.307749  
-1  -2  -0.304528  
-1  -1.9  -0.300782  
-1  -1.8  -0.296411  
-1  -1.7  -0.291293  
-1  -1.6  -0.285281  
-1  -1.5  -0.2782  
-1  -1.4  -0.269841  
-1  -1.3  -0.259963  
-1  -1.2  -0.248289  
-1  -1.1  -0.234518  
-1  -1  -0.218341  
-1  -0.9  -0.199481  
-1  -0.8  -0.177755  
-1  -0.7  -0.153179  
-1  -0.6  -0.126108  
-1  -0.5  -0.0974007  
-1  -0.4  -0.0685622  
-1  -0.3  -0.0417799  
-1  -0.2  -0.0197338  
-1  -0.0999999  -0.00512529  
-1  0  -0  
-1  0.1  -0.00512528  
-1  0.2  -0.0197338  
-1  0.3  -0.0417799  
-1  0.4  -0.0685623  
-1  0.5  -0.0974007  
-1  0.6  -0.126108  
-1  0.7  -0.153179  
-1  0.8  -0.177755  
-1  0.9  -0.199481  
-1  1  -0.218341  
-1  1.1  -0.234518  
-1  1.2  -0.248289  
-1  1.3  -0.259963  
-1  1.4  -0.269841  
-1  1.5  -0.2782  
-1  1.6  -0.285281  
-1  1.7  -0.291293  
-1  1.8  -0.296411  
-1  1.9  -0.300782  
-1  2  -0.304528  
-1  2.1  -0.307749  
-1  2.2  -0.310529  
-1  2.3  -0.312938  
-1  2.4  -0.315032  
-1  2.5  -0.316859  
-1  2.6  -0.318459  
-1  2.7  -0.319865  
-1  2.8  -0.321103  
-1  2.9  -0.322199  
-1  3  -0.323171  

-0.9  -3  -0.290492  
-0.9  -2.9  -0.289564  
-0.9  -2.8  -0.288514  
-0.9  -2.7  -0.287323  
-0.9  -2.6  -0.285967  
-0.9  -2.5  -0.284417  
-0.9  -2.4  -0.282639  
-0.9  -2.3  -0.28059  
-0.9  -2.2  -0.278221  
-0.9  -2.1  -0.275469  
-0.9  -2  -0.272258  
-0.9  -1.9  -0.268496  
-0.9  -1.8  -0.264067  
-0.9  -1.7  -0.25883  
-0.9  -1.6  -0.25261  
-0.9  -1.5  -0.245191  
-0.9  -1.4  -0.236311  
-0.9  -1.3  -0.225647  
-0.9  -1.2  -0.212814  
-0.9  -1.1  -0.197361  
-0.9  -1  -0.178784  
-0.9  -0.9  -0.156555  
-0.9  -0.8  -0.130195  
-0.9  -0.7  -0.0994128  
-0.9  -0.6  -0.0643207  
-0.9  -0.5  -0.0257445  
-0.9  -0.4  0  
-0.9  -0.3  0  
-0.9  -0.2  0  
-0.9  -0.0999999  0  
-0.9  0  0  
-0.9  0.1  0  
-0.9  0.2  0  
-0.9  0.3  0  
-0.9  0.4  0  
-0.9  0.5  -0.0257445  
-0.9  0.6  -0.0643209  
-0.9  0.7  -0.0994128  
-0.9  0.8  -0.130195  
-0.9  0.9  -0.156555  
-0.9  1  -0.178784  
-0.9  1.1  -0.197361  
-0.9  1.2  -0.212814  
-0.9  1.3  -0.225647  
-0.9  1.4  -0.236311  
-0.9  1.5  -0.245191  
-0.9  1.6  -0.25261  
-0.9  1.7  -0.25883  
-0.9  1.8  -0.264067  
-0.9  1.9  -0.268496  
-0.9  2  -0.272258  
-0.9  2.1  -0.275469  
-0.9  2.2  -0.278221  
-0.9  2.3  -0.28059  
-0.9  2.4  -0.282639  
-0.9  2.5  -0.284417  
-0.9  2.6  -0.285967  
-0.9  2.7  -0.287323  
-0.9  2.8  -0.288514  
-0.9  2.9  -0.289563  
-0.9  3  -0.290491  

-0.8  -3  -0.25792  
-0.8  -2.9  -0.257051  
-0.8  -2.8  -0.256065  
-0.8  -2.7  -0.254942  
-0.8  -2.6  -0.253659  
-0.8  -2.5  -0.252186  
-0.8  -2.4  -0.25049  
-0.8  -2.3  -0.248527  
-0.8  -2.2  -0.246243  
-0.8  -2.1  -0.243576  
-0.8  -2  -0.240442  
-0.8  -1.9  -0.236743  
-0.8  -1.8  -0.232351  
-0.8  -1.7  -0.227109  
-0.8  -1.6  -0.220813  
-0.8  -1.5  -0.213212  
-0.8  -1.4  -0.203982  
-0.8  -1.3  -0.192716  
-0.8  -1.2  -0.178903  
-0.8  -1.1  -0.16191  
-0.8  -1  -0.140969  
-0.8  -0.9  -0.11519  
-0.8  -0.8  -0.0836192  
-0.8  -0.7  -0.0453841  
-0.8  -0.6  0  
-0.8  -0.5  0  
-0.8  -0.4  0  
-0.8  -0.3  0  
-0.8  -0.2  0  
-0.8  -0.0999999  0  
-0.8  0  0  
-0.8  0.1  0  
-0.8  0.2  0  
-0.8  0.3  0  
-0.8  0.4  0  
-0.8  0.5  0  
-0.8  0.6  -0  
-0.8  0.7  -0.0453841  
-0.8  0.8  -0.0836192  
-0.8  0.9  -0.11519  
-0.8  1  -0.140969  
-0.8  1.1  -0.16191  
-0.8  1.2  -0.178903  
-0.8  1.3  -0.192716  
-0.8  1.4  -0.203982  
-0.8  1.5  -0.213212  
-0.8  1.6  -0.220813  
-0.8  1.7  -0.227109  
-0.8  1.8  -0.232351  
-0.8  1.9  -0.236743  
-0.8  2  -0.240442  
-0.8  2.1  -0.243576  
-0.8  2.2  -0.246243  
-0.8  2.3  -0.248526  
-0.8  2.4  -0.25049  
-0.8  2.5  -0.252186  
-0.8  2.6  -0.253659  
-0.8  2.7  -0.254942  
-0.8  2.8  -0.256065  
-0.8  2.9  -0.257051  
-0.8  3  -0.257921  

-0.7  -3  -0.22545  
-0.7  -2.9  -0.224653  
-0.7  -2.8  -0.223746  
-0.7  -2.7  -0.222711  
-0.7  -2.6  -0.221525  
-0.7  -2.5  -0.220158  
-0.7  -2.4  -0.218578  
-0.7  -2.3  -0.21674  
-0.7  -2.2  -0.214593  
-0.7  -2.1  -0.21207  
-0.7  -2  -0.209088  
-0.7  -1.9  -0.205542  
-0.7  -1.8  -0.201298  
-0.7  -1.7  -0.196185  
-0.7  -1.6  -0.189981  
-0.7  -1.5  -0.182398  
-0.7  -1.4  -0.173061  
-0.7  -1.3  -0.161478  
-0.7  -1.2  -0.147006  
-0.7  -1.1  -0.128802  
-0.7  -1  -0.105781  
-0.7  -0.9  -0.0765689  
-0.7  -0.8  -0.039502  
-0.7  -0.7  0  
-0.7  -0.6  0  
-0.7  -0.5  0  
-0.7  -0.4  0  
-0.7  -0.3  0  
-0.7  -0.2  0  
-0.7  -0.0999999  0  
-0.7  0  0  
-0.7  0.1  0  
-0.7  0.2  0  
-0.7  0.3  0  
-0.7  0.4  0  
-0.7  0.5  0  
-0.7  0.6  0  
-0.7  0.7  0  
-0.7  0.8  -0.039502  
-0.7  0.9  -0.0765689  
-0.7  1  -0.105781  
-0.7  1.1  -0.128802  
-0.7  1.2  -0.147006  
-0.7  1.3  -0.161478  
-0.7  1.4  -0.173061  
-0.7  1.5  -0.182398  
-0.7  1.6  -0.189981  
-0.7  1.7  -0.196185  
-0.7  1.8  -0.201298  
-0.7  1.9  -0.205542  
-0.7  2  -0.209088  
-0.7  2.1  -0.21207  
-0.7  2.2  -0.214593  
-0.7  2.3  -0.21674  
-0.7  2.4  -0.218578  
-0.7  2.5  -0.220158  
-0.7  2.6  -0.221525  
-0.7  2.7  -0.222711  
-0.7  2.8  -0.223746  
-0.7  2.9  -0.224653  
-0.7  3  -0.22545  

-0.6  -3  -0.19307  
-0.6  -2.9  -0.192359  
-0.6  -2.8  -0.191548  
-0.6  -2.7  -0.19062  
-0.6  -2.6  -0.189553  
-0.6  -2.5  -0.18832  
-0.6  -2.4  -0.186889  
-0.6  -2.3  -0.185218  
-0.6  -2.2  -0.183257  
-0.6  -2.1  -0.180941  
-0.6  -2  -0.178188  
-0.6  -1.9  -0.174893  
-0.6  -1.8  -0.17092  
-0.6  -1.7  -0.166092  
-0.6  -1.6  -0.160174  
-0.6  -1.5  -0.152858  
-0.6  -1.4  -0.143728  
-0.6  -1.3  -0.132221  
-0.6  -1.2  -0.117572  
-0.6  -1.1  -0.0987343  
-0.6  -1  -0.0742727  
-0.6  -0.9  -0.0422326  
-0.6  -0.8  0  
-0.6  -0.7  0  
-0.6  -0.6  0  
-0.6  -0.5  0  
-0.6  -0.4  0  
-0.6  -0.3  0  
-0.6  -0.2  0  
-0.6  -0.0999999  0  
-0.6  0  0  
-0.6  0.1  0  
-0.6  0.2  0  
-0.6  0.3  0  
-0.6  0.4  0  
-0.6  0.5  0  
-0.6  0.6  0  
-0.6  0.7  0  
-0.6  0.8  0  
-0.6  0.9  -0.0422327  
-0.6  1  -0.0742727  
-0.6  1.1  -0.0987344  
-0.6  1.2  -0.117572  
-0.6  1.3  -0.132221  
-0.6  1.4  -0.143728  
-0.6  1.5  -0.152858  
-0.6  1.6  -0.160174  
-0.6  1.7  -0.166091  
-0.6  1.8  -0.17092  
-0.6  1.9  -0.174893  
-0.6  2  -0.178188  
-0.6  2.1  -0.180941  
-0.6  2.2  -0.183257  
-0.6  2.3  -0.185218  
-0.6  2.4  -0.186889  
-0.6  2.5  -0.18832  
-0.6  2.6  -0.189553  
-0.6  2.7  -0.19062  
-0.6  2.8  -0.191548  
-0.6  2.9  -0.192359  
-0.6  3  -0.19307  

-0.5  -3  -0.160769  
-0.5  -2.9  -0.160156  
-0.5  -2.8  -0.159456  
-0.5  -2.7  -0.158652  
-0.5  -2.6  -0.157726  
-0.5  -2.5  -0.156653  
-0.5  -2.4  -0.155404  
-0.5  -2.3  -0.15394  
-0.5  -2.2  -0.152215  
-0.5  -2.1  -0.150168  
-0.5  -2  -0.147722  
-0.5  -1.9  -0.144778  
-0.5  -1.8  -0.141204  
-0.5  -1.7  -0.136827  
-0.5  -1.6  -0.131413  
-0.5  -1.5  -0.124649  
-0.5  -1.4  -0.116101  
-0.5  -1.3  -0.105167  
-0.5  -1.2  -0.0909974  
-0.5  -1.1  -0.0723811  
-0.5  -1  -0.0475673  
-0.5  -0.9  -0.0140081  
-0.5  -0.8  0  
-0.5  -0.7  0  
-0.5  -0.6  0  
-0.5  -0.5  0  
-0.5  -0.4  0  
-0.5  -0.3  0  
-0.5  -0.2  0  
-0.5  -0.0999999  0  
-0.5  0  0  
-0.5  0.1  0  
-0.5  0.2  0  
-0.5  0.3  0  
-0.5  0.4  0  
-0.5  0.5  0  
-0.5  0.6  0  
-0.5  0.7  0  
-0.5  0.8  0  
-0.5  0.9  -0.0140082  
-0.5  1  -0.0475673  
-0.5  1.1  -0.072381  
-0.5  1.2  -0.0909974  
-0.5  1.3  -0.105167  
-0.5  1.4  -0.116101  
-0.5  1.5  -0.124649  
-0.5  1.6  -0.131413  
-0.5  1.7  -0.136827  
-0.5  1.8  -0.141204  
-0.5  1.9  -0.144778  
-0.5  2  -0.147722  
-0.5  2.1  -0.150168  
-0.5  2.2  -0.152214  
-0.5  2.3  -0.15394  
-0.5  2.4  -0.155404  
-0.5  2.5  -0.156653  
-0.5  2.6  -0.157726  
-0.5  2.7  -0.158652  
-0.5  2.8  -0.159456  
-0.5  2.9  -0.160156  
-0.5  3  -0.160769  

-0.4  -3  -0.128535  
-0.4  -2.9  -0.128031  
-0.4  -2.8  -0.127454  
-0.4  -2.7  -0.126791  
-0.4  -2.6  -0.126025  
-0.4  -2.5  -0.125136  
-0.4  -2.4  -0.124097  
-0.4  -2.3  -0.122877  
-0.4  -2.2  -0.121433  
-0.4  -2.1  -0.119714  
-0.4  -2  -0.117652  
-0.4  -1.9  -0.115156  
-0.4  -1.8  -0.112108  
-0.4  -1.7  -0.10835  
-0.4  -1.6  -0.103666  
-0.4  -1.5  -0.0977572  
-0.4  -1.4  -0.0902075  
-0.4  -1.3  -0.0804206  
-0.4  -1.2  -0.0675316  
-0.4  -1.1  -0.0502584  
-0.4  -1  -0.0266624  
-0.4  -0.9  0  
-0.4  -0.8  0  
-0.4  -0.7  0  
-0.4  -0.6  0  
-0.4  -0.5  0  
-0.4  -0.4  0  
-0.4  -0.3  0  
-0.4  -0.2  0  
-0.4  -0.0999999  0  
-0.4  0  0  
-0.4  0.1  0  
-0.4  0.2  0  
-0.4  0.3  0  
-0.4  0.4  0  
-0.4  0.5  0  
-0.4  0.6  0  
-0.4  0.7  0  
-0.4  0.8  0  
-0.4  0.9  0  
-0.4  1  -0.0266624  
-0.4  1.1  -0.0502584  
-0.4  1.2  -0.0675316  
-0.4  1.3  -0.0804206  
-0.4  1.4  -0.0902074  
-0.4  1.5  -0.0977572  
-0.4  1.6  -0.103666  
-0.4  1.7  -0.10835  
-0.4  1.8  -0.112108  
-0.4  1.9  -0.115156  
-0.4  2  -0.117652  
-0.4  2.1  -0.119714  
-0.4  2.2  -0.121433  
-0.4  2.3  -0.122877  
-0.4  2.4  -0.124097  
-0.4  2.5  -0.125136  
-0.4  2.6  -0.126025  
-0.4  2.7  -0.126791  
-0.4  2.8  -0.127454  
-0.4  2.9  -0.128031  
-0.4  3  -0.128535  

-0.3  -3  -0.0963548  
-0.3  -2.9  -0.0959686  
-0.3  -2.8  -0.0955261  
-0.3  -2.7  -0.0950167  
-0.3  -2.6  -0.0944274  
-0.3  -2.5  -0.0937417  
-0.3  -2.4  -0.0929392  
-0.3  -2.3  -0.0919937  
-0.3  -2.2  -0.090873  
-0.3  -2.1  -0.0895337  
-0.3  -2  -0.0879209  
-0.3  -1.9  -0.0859613  
-0.3  -1.8  -0.0835573  
-0.3  -1.7  -0.0805767  
-0.3  -1.6  -0.0768368  
-0.3  -1.5  -0.0720834  
-0.3  -1.4  -0.0659527  
-0.3  -1.3  -0.0579158  
-0.3  -1.2  -0.0471849  
-0.3  -1.1  -0.0325559  
-0.3  -1  -0.0121367  
-0.3  -0.9  0  
-0.3  -0.8  0  
-0.3  -0.7  0  
-0.3  -0.6  0  
-0.3  -0.5  0  
-0.3  -0.4  0  
-0.3  -0.3  0  
-0.3  -0.2  0  
-0.3  -0.0999999  0  
-0.3  0  0  
-0.3  0.1  0  
-0.3  0.2  0  
-0.3  0.3  0  
-0.3  0.4  0  
-0.3  0.5  0  
-0.3  0.6  0  
-0.3  0.7  0  
-0.3  0.8  0  
-0.3  0.9  0  
-0.3  1  -0.0121367  
-0.3  1.1  -0.0325559  
-0.3  1.2  -0.0471849  
-0.3  1.3  -0.0579159  
-0.3  1.4  -0.0659527  
-0.3  1.5  -0.0720833  
-0.3  1.6  -0.0768368  
-0.3  1.7  -0.0805766  
-0.3  1.8  -0.0835574  
-0.3  1.9  -0.0859613  
-0.3  2  -0.0879209  
-0.3  2.1  -0.0895337  
-0.3  2.2  -0.0908729  
-0.3  2.3  -0.0919937  
-0.3  2.4  -0.092939  
-0.3  2.5  -0.0937417  
-0.3  2.6  -0.0944274  
-0.3  2.7  -0.0950167  
-0.3  2.8  -0.0955261  
-0.3  2.9  -0.0959686  
-0.3  3  -0.0963546  

-0.2  -3  -0.0642146  
-0.2  -2.9  -0.0639534  
-0.2  -2.8  -0.0636537  
-0.2  -2.7  -0.0633084  
-0.2  -2.6  -0.0629082  
-0.2  -2.5  -0.0624418  
-0.2  -2.4  -0.0618952  
-0.2  -2.3  -0.0612505  
-0.2  -2.2  -0.0604842  
-0.2  -2.1  -0.0595669  
-0.2  -2  -0.058459  
-0.2  -1.9  -0.0571088  
-0.2  -1.8  -0.0554469  
-0.2  -1.7  -0.0533773  
-0.2  -1.6  -0.0507684  
-0.2  -1.5  -0.0474329  
-0.2  -1.4  -0.0431009  
-0.2  -1.3  -0.0373734  
-0.2  -1.2  -0.0296447  
-0.2  -1.1  -0.0189679  
-0.2  -1  -0.00380999  
-0.2  -0.9  0  
-0.2  -0.8  0  
-0.2  -0.7  0  
-0.2  -0.6  0  
-0.2  -0.5  0  
-0.2  -0.4  0  
-0.2  -0.3  0  
-0.2  -0.2  0  
-0.2  -0.0999999  0  
-0.2  0  0  
-0.2  0.1  0  
-0.2  0.2  0  
-0.2  0.3  0  
-0.2  0.4  0  
-0.2  0.5  0  
-0.2  0.6  0  
-0.2  0.7  0  
-0.2  0.8  0  
-0.2  0.9  0  
-0.2  1  -0.00380999  
-0.2  1.1  -0.0189679  
-0.2  1.2  -0.0296448  
-0.2  1.3  -0.0373734  
-0.2  1.4  -0.043101  
-0.2  1.5  -0.0474329  
-0.2  1.6  -0.0507683  
-0.2  1.7  -0.0533773  
-0.2  1.8  -0.0554468  
-0.2  1.9  -0.0571088  
-0.2  2  -0.0584589  
-0.2  2.1  -0.0595667  
-0.2  2.2  -0.0604842  
-0.2  2.3  -0.0612503  
-0.2  2.4  -0.0618952  
-0.2  2.5  -0.0624418  
-0.2  2.6  -0.062908  
-0.2  2.7  -0.0633082  
-0.2  2.8  -0.0636537  
-0.2  2.9  -0.0639534  
-0.2  3  -0.0642147  

-0.0999999  -3  -0.0321011  
-0.0999999  -2.9  -0.0319689  
-0.0999999  -2.8  -0.0318179  
-0.0999999  -2.7  -0.0316433  
-0.0999999  -2.6  -0.0314409  
-0.0999999  -2.5  -0.0312053  
-0.0999999  -2.4  -0.0309284  
-0.0999999  -2.3  -0.0306017  
-0.0999999  -2.2  -0.0302127  
-0.0999999  -2.1  -0.0297462  
-0.0999999  -2  -0.0291825  
-0.0999999  -1.9  -0.0284938  
-0.0999999  -1.8  -0.0276442  
-0.0999999  -1.7  -0.0265838  
-0.0999999  -1.6  -0.025243  
-0.0999999  -1.5  -0.0235225  
-0.0999999  -1.4  -0.0212783  
-0.0999999  -1.3  -0.0182951  
-0.0999999  -1.2  -0.0142427  
-0.0999999  -1.1  -0.00859703  
-0.0999999  -1  -0.000493846  
-0.0999999  -0.9  0  
-0.0999999  -0.8  0  
-0.0999999  -0.7  0  
-0.0999999  -0.6  0  
-0.0999999  -0.5  0  
-0.0999999  -0.4  0  
-0.0999999  -0.3  0  
-0.0999999  -0.2  0  
-0.0999999  -0.0999999  0  
-0.0999999  0  0  
-0.0999999  0.1  0  
-0.0999999  0.2  0  
-0.0999999  0.3  0  
-0.0999999  0.4  0  
-0.0999999  0.5  0  
-0.0999999  0.6  0  
-0.0999999  0.7  0  
-0.0999999  0.8  0  
-0.0999999  0.9  0  
-0.0999999  1  -0.000493845  
-0.0999999  1.1  -0.00859701  
-0.0999999  1.2  -0.0142427  
-0.0999999  1.3  -0.0182951  
-0.0999999  1.4  -0.0212782  
-0.0999999  1.5  -0.0235225  
-0.0999999  1.6  -0.025243  
-0.0999999  1.7  -0.0265838  
-0.0999999  1.8  -0.0276443  
-0.0999999  1.9  -0.0284938  
-0.0999999  2  -0.0291823  
-0.0999999  2.1  -0.0297462  
-0.0999999  2.2  -0.0302125  
-0.0999999  2.3  -0.0306015  
-0.0999999  2.4  -0.0309284  
-0.0999999  2.5  -0.0312051  
-0.0999999  2.6  -0.031441  
-0.0999999  2.7  -0.0316433  
-0.0999999  2.8  -0.0318177  
-0.0999999  2.9  -0.031969  
-0.0999999  3  -0.0321009  

0  -3  -4.20924e-08  
0  -2.9  -4.05218e-08  
0  -2.8  -3.89388e-08  
0  -2.7  -3.73416e-08  
0  -2.6  -3.57278e-08  
0  -2.5  -3.40949e-08  
0  -2.4  -3.24395e-08  
0  -2.3  -3.07577e-08  
0  -2.2  -2.90446e-08  
0  -2.1  -2.7294e-08  
0  -2  -2.54983e-08  
0  -1.9  -2.36477e-08  
0  -1.8  -2.17298e-08  
0  -1.7  -1.97281e-08  
0  -1.6  -1.76212e-08  
0  -1.5  -1.53799e-08  
0  -1.4  -1.29647e-08  
0  -1.3  -1.032e-08  
0  -1.2  -7.36618e-09  
0  -1.1  -3.98581e-09  
0  -1  -0  
0  -0.9  0  
0  -0.8  0  
0  -0.7  0  
0  -0.6  0  
0  -0.5  0  
0  -0.4  0  
0  -0.3  0  
0  -0.2  0  
0  -0.0999999  0  
0  0  0  
0  0.1  0  
0  0.2  0  
0  0.3  0  
0  0.4  0  
0  0.5  0  
0  0.6  0  
0  0.7  0  
0  0.8  0  
0  0.9  0  
0  1  -0  
0  1.1  -7.9716e-09  
0  1.2  -1.47324e-08  
0  1.3  -2.06401e-08  
0  1.4  -2.59295e-08  
0  1.5  -3.07599e-08  
0  1.6  -3.52423e-08  
0  1.7  -3.94562e-08  
0  1.8  -4.34596e-08  
0  1.9  -4.72955e-08  
0  2  -5.09966e-08  
0  2.1  -5.4588e-08  
0  2.2  -5.80892e-08  
0  2.3  -6.15155e-08  
0  2.4  -6.4879e-08  
0  2.5  -6.81898e-08  
0  2.6  -7.14556e-08  
0  2.7  -7.46831e-08  
0  2.8  -7.78776e-08  
0  2.9  -8.10437e-08  
0  3  -8.41849e-08  

0.1  -3  0.032101  
0.1  -2.9  0.0319692  
0.1  -2.8  0.0318179  
0.1  -2.7  0.0316434  
0.1  -2.6  0.0314411  
0.1  -2.5  0.0312052  
0.1  -2.4  0.0309284  
0.1  -2.3  0.0306015  
0.1  -2.2  0.0302127  
0.1  -2.1  0.0297464  
0.1  -2  0.0291824  
0.1  -1.9  0.0284939  
0.1  -1.8  0.0276443  
0.1  -1.7  0.0265839  
0.1  -1.6  0.025243  
0.1  -1.5  0.0235225  
0.1  -1.4  0.0212783  
0.1  -1.3  0.0182951  
0.1  -1.2  0.0142427  
0.1  -1.1  0.00859704  
0.1  -1  0.000493846  
0.1  -0.9  0  
0.1  -0.8  0  
0.1  -0.7  0  
0.1  -0.6  0  
0.1  -0.5  0  
0.1  -0.4  0  
0.1  -0.3  0  
0.1  -0.2  0  
0.1  -0.0999999  0  
0.1  0  0  
0.1  0.1  0  
0.1  0.2  0  
0.1  0.3  0  
0.1  0.4  0  
0.1  0.5  0  
0.1  0.6  0  
0.1  0.7  0  
0.1  0.8  0  
0.1  0.9  0  
0.1  1  0.000493846  
0.1  1.1  0.00859704  
0.1  1.2  0.0142427  
0.1  1.3  0.0182951  
0.1  1.4  0.0212783  
0.1  1.5  0.0235226  
0.1  1.6  0.025243  
0.1  1.7  0.026584  
0.1  1.8  0.0276443  
0.1  1.9  0.0284939  
0.1  2  0.0291824  
0.1  2.1  0.0297464  
0.1  2.2  0.0302127  
0.1  2.3  0.0306016  
0.1  2.4  0.0309284  
0.1  2.5  0.0312052  
0.1  2.6  0.0314412  
0.1  2.7  0.0316434  
0.1  2.8  0.031818  
0.1  2.9  0.0319692  
0.1  3  0.0321009  

0.2  -3  0.0642146  
0.2  -2.9  0.0639534  
0.2  -2.8  0.0636537  
0.2  -2.7  0.0633083  
0.2  -2.6  0.0629081  
0.2  -2.5  0.0624418  
0.2  -2.4  0.0618953  
0.2  -2.3  0.0612505  
0.2  -2.2  0.0604842  
0.2  -2.1  0.0595667  
0.2  -2  0.058459  
0.2  -1.9  0.0571088  
0.2  -1.8  0.0554467  
0.2  -1.7  0.0533773  
0.2  -1.6  0.0507684  
0.2  -1.5  0.0474329  
0.2  -1.4  0.0431009  
0.2  -1.3  0.0373734  
0.2  -1.2  0.0296447  
0.2  -1.1  0.0189679  
0.2  -1  0.00380999  
0.2  -0.9  0  
0.2  -0.8  0  
0.2  -0.7  0  
0.2  -0.6  0  
0.2  -0.5  0  
0.2  -0.4  0  
0.2  -0.3  0  
0.2  -0.2  0  
0.2  -0.0999999  0  
0.2  0  0  
0.2  0.1  0  
0.2  0.2  0  
0.2  0.3  0  
0.2  0.4  0  
0.2  0.5  0  
0.2  0.6  0  
0.2  0.7  0  
0.2  0.8  0  
0.2  0.9  0  
0.2  1  0.00380999  
0.2  1.1  0.0189679  
0.2  1.2  0.0296448  
0.2  1.3  0.0373734  
0.2  1.4  0.043101  
0.2  1.5  0.0474329  
0.2  1.6  0.0507684  
0.2  1.7  0.0533773  
0.2  1.8  0.0554468  
0.2  1.9  0.0571088  
0.2  2  0.0584589  
0.2  2.1  0.0595668  
0.2  2.2  0.0604843  
0.2  2.3  0.0612504  
0.2  2.4  0.0618953  
0.2  2.5  0.0624419  
0.2  2.6  0.0629081  
0.2  2.7  0.0633082  
0.2  2.8  0.0636538  
0.2  2.9  0.0639535  
0.2  3  0.0642147  

0.3  -3  0.0963546  
0.3  -2.9  0.0959686  
0.3  -2.8  0.0955262  
0.3  -2.7  0.0950168  
0.3  -2.6  0.0944274  
0.3  -2.5  0.0937417  
0.3  -2.4  0.092939  
0.3  -2.3  0.0919938  
0.3  -2.2  0.0908729  
0.3  -2.1  0.0895337  
0.3  -2  0.087921  
0.3  -1.9  0.0859614  
0.3  -1.8  0.0835574  
0.3  -1.7  0.0805766  
0.3  -1.6  0.0768368  
0.3  -1.5  0.0720834  
0.3  -1.4  0.0659527  
0.3  -1.3  0.0579159  
0.3  -1.2  0.0471849  
0.3  -1.1  0.032556  
0.3  -1  0.0121367  
0.3  -0.9  0  
0.3  -0.8  0  
0.3  -0.7  0  
0.3  -0.6  0  
0.3  -0.5  0  
0.3  -0.4  0  
0.3  -0.3  0  
0.3  -0.2  0  
0.3  -0.0999999  0  
0.3  0  0  
0.3  0.1  0  
0.3  0.2  0  
0.3  0.3  0  
0.3  0.4  0  
0.3  0.5  0  
0.3  0.6  0  
0.3  0.7  0  
0.3  0.8  0  
0.3  0.9  0  
0.3  1  0.0121367  
0.3  1.1  0.0325559  
0.3  1.2  0.0471849  
0.3  1.3  0.0579159  
0.3  1.4  0.0659527  
0.3  1.5  0.0720833  
0.3  1.6  0.0768368  
0.3  1.7  0.0805767  
0.3  1.8  0.0835574  
0.3  1.9  0.0859614  
0.3  2  0.0879209  
0.3  2.1  0.0895338  
0.3  2.2  0.0908729  
0.3  2.3  0.0919938  
0.3  2.4  0.0929391  
0.3  2.5  0.0937417  
0.3  2.6  0.0944275  
0.3  2.7  0.0950168  
0.3  2.8  0.0955262  
0.3  2.9  0.0959686  
0.3  3  0.0963547  

0.4  -3  0.128535  
0.4  -2.9  0.128031  
0.4  -2.8  0.127454  
0.4  -2.7  0.126791  
0.4  -2.6  0.126025  
0.4  -2.5  0.125136  
0.4  -2.4  0.124097  
0.4  -2.3  0.122877  
0.4  -2.2  0.121433  
0.4  -2.1  0.119715  
0.4  -2  0.117652  
0.4  -1.9  0.115156  
0.4  -1.8  0.112108  
0.4  -1.7  0.10835  
0.4  -1.6  0.103666  
0.4  -1.5  0.0977573  
0.4  -1.4  0.0902075  
0.4  -1.3  0.0804207  
0.4  -1.2  0.0675317  
0.4  -1.1  0.0502585  
0.4  -1  0.0266625  
0.4  -0.9  0  
0.4  -0.8  0  
0.4  -0.7  0  
0.4  -0.6  0  
0.4  -0.5  0  
0.4  -0.4  0  
0.4  -0.3  0  
0.4  -0.2  0  
0.4  -0.0999999  0  
0.4  0  0  
0.4  0.1  0  
0.4  0.2  0  
0.4  0.3  0  
0.4  0.4  0  
0.4  0.5  0  
0.4  0.6  0  
0.4  0.7  0  
0.4  0.8  0  
0.4  0.9  0  
0.4  1  0.0266625  
0.4  1.1  0.0502585  
0.4  1.2  0.0675317  
0.4  1.3  0.0804207  
0.4  1.4  0.0902075  
0.4  1.5  0.0977573  
0.4  1.6  0.103666  
0.4  1.7  0.10835  
0.4  1.8  0.112108  
0.4  1.9  0.115156  
0.4  2  0.117652  
0.4  2.1  0.119715  
0.4  2.2  0.121433  
0.4  2.3  0.122877  
0.4  2.4  0.124097  
0.4  2.5  0.125136  
0.4  2.6  0.126025  
0.4  2.7  0.126791  
0.4  2.8  0.127454  
0.4  2.9  0.128031  
0.4  3  0.128535  

0.5  -3  0.160769  
0.5  -2.9  0.160156  
0.5  -2.8  0.159456  
0.5  -2.7  0.158652  
0.5  -2.6  0.157726  
0.5  -2.5  0.156653  
0.5  -2.4  0.155404  
0.5  -2.3  0.15394  
0.5  -2.2  0.152215  
0.5  -2.1  0.150168  
0.5  -2  0.147722  
0.5  -1.9  0.144778  
0.5  -1.8  0.141204  
0.5  -1.7  0.136827  
0.5  -1.6  0.131413  
0.5  -1.5  0.124649  
0.5  -1.4  0.116101  
0.5  -1.3  0.105167  
0.5  -1.2  0.0909974  
0.5  -1.1  0.0723811  
0.5  -1  0.0475673  
0.5  -0.9  0.0140081  
0.5  -0.8  0  
0.5  -0.7  0  
0.5  -0.6  0  
0.5  -0.5  0  
0.5  -0.4  0  
0.5  -0.3  0  
0.5  -0.2  0  
0.5  -0.0999999  0  
0.5  0  0  
0.5  0.1  0  
0.5  0.2  0  
0.5  0.3  0  
0.5  0.4  0  
0.5  0.5  0  
0.5  0.6  0  
0.5  0.7  0  
0.5  0.8  0  
0.5  0.9  0.0140082  
0.5  1  0.0475673  
0.5  1.1  0.072381  
0.5  1.2  0.0909975  
0.5  1.3  0.105167  
0.5  1.4  0.116101  
0.5  1.5  0.124649  
0.5  1.6  0.131413  
0.5  1.7  0.136827  
0.5  1.8  0.141204  
0.5  1.9  0.144778  
0.5  2  0.147722  
0.5  2.1  0.150168  
0.5  2.2  0.152215  
0.5  2.3  0.15394  
0.5  2.4  0.155404  
0.5  2.5  0.156653  
0.5  2.6  0.157726  
0.5  2.7  0.158652  
0.5  2.8  0.159456  
0.5  2.9  0.160156  
0.5  3  0.160769  

0.6  -3  0.19307  
0.6  -2.9  0.192359  
0.6  -2.8  0.191548  
0.6  -2.7  0.19062  
0.6  -2.6  0.189553  
0.6  -2.5  0.18832  
0.6  -2.4  0.186889  
0.6  -2.3  0.185218  
0.6  -2.2  0.183257  
0.6  -2.1  0.180941  
0.6  -2  0.178188  
0.6  -1.9  0.174893  
0.6  -1.8  0.17092  
0.6  -1.7  0.166091  
0.6  -1.6  0.160174  
0.6  -1.5  0.152858  
0.6  -1.4  0.143728  
0.6  -1.3  0.132221  
0.6  -1.2  0.117572  
0.6  -1.1  0.0987344  
0.6  -1  0.0742728  
0.6  -0.9  0.0422327  
0.6  -0.8  0  
0.6  -0.7  0  
0.6  -0.6  0  
0.6  -0.5  0  
0.6  -0.4  0  
0.6  -0.3  0  
0.6  -0.2  0  
0.6  -0.0999999  0  
0.6  0  0  
0.6  0.1  0  
0.6  0.2  0  
0.6  0.3  0  
0.6  0.4  0  
0.6  0.5  0  
0.6  0.6  0  
0.6  0.7  0  
0.6  0.8  0  
0.6  0.9  0.0422328  
0.6  1  0.0742728  
0.6  1.1  0.0987344  
0.6  1.2  0.117572  
0.6  1.3  0.132221  
0.6  1.4  0.143728  
0.6  1.5  0.152858  
0.6  1.6  0.160174  
0.6  1.7  0.166091  
0.6  1.8  0.17092  
0.6  1.9  0.174893  
0.6  2  0.178188  
0.6  2.1  0.180941  
0.6  2.2  0.183257  
0.6  2.3  0.185218  
0.6  2.4  0.186889  
0.6  2.5  0.18832  
0.6  2.6  0.189553  
0.6  2.7  0.19062  
0.6  2.8  0.191548  
0.6  2.9  0.192359  
0.6  3  0.19307  

0.7  -3  0.22545  
0.7  -2.9  0.224653  
0.7  -2.8  0.223746  
0.7  -2.7  0.222711  
0.7  -2.6  0.221525  
0.7  -2.5  0.220158  
0.7  -2.4  0.218578  
0.7  -2.3  0.21674  
0.7  -2.2  0.214593  
0.7  -2.1  0.21207  
0.7  -2  0.209088  
0.7  -1.9  0.205542  
0.7  -1.8  0.201298  
0.7  -1.7  0.196185  
0.7  -1.6  0.189981  
0.7  -1.5  0.182398  
0.7  -1.4  0.173061  
0.7  -1.3  0.161478  
0.7  -1.2  0.147005  
0.7  -1.1  0.128802  
0.7  -1  0.105781  
0.7  -0.9  0.0765689  
0.7  -0.8  0.039502  
0.7  -0.7  0  
0.7  -0.6  0  
0.7  -0.5  0  
0.7  -0.4  0  
0.7  -0.3  0  
0.7  -0.2  0  
0.7  -0.0999999  0  
0.7  0  0  
0.7  0.1  0  
0.7  0.2  0  
0.7  0.3  0  
0.7  0.4  0  
0.7  0.5  0  
0.7  0.6  0  
0.7  0.7  0  
0.7  0.8  0.039502  
0.7  0.9  0.0765689  
0.7  1  0.105781  
0.7  1.1  0.128802  
0.7  1.2  0.147006  
0.7  1.3  0.161478  
0.7  1.4  0.173061  
0.7  1.5  0.182398  
0.7  1.6  0.189981  
0.7  1.7  0.196185  
0.7  1.8  0.201298  
0.7  1.9  0.205542  
0.7  2  0.209088  
0.7  2.1  0.21207  
0.7  2.2  0.214593  
0.7  2.3  0.21674  
0.7  2.4  0.218578  
0.7  2.5  0.220158  
0.7  2.6  0.221525  
0.7  2.7  0.222711  
0.7  2.8  0.223746  
0.7  2.9  0.224653  
0.7  3  0.22545  

0.8  -3  0.257921  
0.8  -2.9  0.257051  
0.8  -2.8  0.256065  
0.8  -2.7  0.254942  
0.8  -2.6  0.253659  
0.8  -2.5  0.252186  
0.8  -2.4  0.25049  
0.8  -2.3  0.248527  
0.8  -2.2  0.246243  
0.8  -2.1  0.243576  
0.8  -2  0.240442  
0.8  -1.9  0.236743  
0.8  -1.8  0.232352  
0.8  -1.7  0.227109  
0.8  -1.6  0.220813  
0.8  -1.5  0.213212  
0.8  -1.4  0.203982  
0.8  -1.3  0.192716  
0.8  -1.2  0.178903  
0.8  -1.1  0.16191  
0.8  -1  0.140969  
0.8  -0.9  0.11519  
0.8  -0.8  0.0836192  
0.8  -0.7  0.0453841  
0.8  -0.6  0  
0.8  -0.5  0  
0.8  -0.4  0  
0.8  -0.3  0  
0.8  -0.2  0  
0.8  -0.0999999  0  
0.8  0  0  
0.8  0.1  0  
0.8  0.2  0  
0.8  0.3  0  
0.8  0.4  0  
0.8  0.5  0  
0.8  0.6  0  
0.8  0.7  0.0453841  
0.8  0.8  0.0836192  
0.8  0.9  0.11519  
0.8  1  0.140969  
0.8  1.1  0.16191  
0.8  1.2  0.178903  
0.8  1.3  0.192716  
0.8  1.4  0.203982  
0.8  1.5  0.213212  
0.8  1.6  0.220813  
0.8  1.7  0.227109  
0.8  1.8  0.232352  
0.8  1.9  0.236743  
0.8  2  0.240442  
0.8  2.1  0.243576  
0.8  2.2  0.246243  
0.8  2.3  0.248526  
0.8  2.4  0.25049  
0.8  2.5  0.252186  
0.8  2.6  0.253659  
0.8  2.7  0.254942  
0.8  2.8  0.256065  
0.8  2.9  0.257051  
0.8  3  0.257921  

0.9  -3  0.290491  
0.9  -2.9  0.289564  
0.9  -2.8  0.288514  
0.9  -2.7  0.287323  
0.9  -2.6  0.285967  
0.9  -2.5  0.284417  
0.9  -2.4  0.282639  
0.9  -2.3  0.28059  
0.9  -2.2  0.278221  
0.9  -2.1  0.275469  
0.9  -2  0.272259  
0.9  -1.9  0.268496  
0.9  -1.8  0.264067  
0.9  -1.7  0.25883  
0.9  -1.6  0.25261  
0.9  -1.5  0.245191  
0.9  -1.4  0.236311  
0.9  -1.3  0.225647  
0.9  -1.2  0.212814  
0.9  -1.1  0.197361  
0.9  -1  0.178784  
0.9  -0.9  0.156555  
0.9  -0.8  0.130195  
0.9  -0.7  0.0994129  
0.9  -0.6  0.0643209  
0.9  -0.5  0.0257447  
0.9  -0.4  0  
0.9  -0.3  0  
0.9  -0.2  0  
0.9  -0.0999999  0  
0.9  0  0  
0.9  0.1  0  
0.9  0.2  0  
0.9  0.3  0  
0.9  0.4  0  
0.9  0.5  0.0257447  
0.9  0.6  0.064321  
0.9  0.7  0.0994129  
0.9  0.8  0.130195  
0.9  0.9  0.156555  
0.9  1  0.178784  
0.9  1.1  0.197361  
0.9  1.2  0.212814  
0.9  1.3  0.225647  
0.9  1.4  0.236311  
0.9  1.5  0.245191  
0.9  1.6  0.25261  
0.9  1.7  0.25883  
0.9  1.8  0.264067  
0.9  1.9  0.268496  
0.9  2  0.272259  
0.9  2.1  0.275469  
0.9  2.2  0.278221  
0.9  2.3  0.28059  
0.9  2.4  0.282639  
0.9  2.5  0.284417  
0.9  2.6  0.285967  
0.9  2.7  0.287323  
0.9  2.8  0.288514  
0.9  2.9  0.289564  
0.9  3  0.290492  

1  -3  0.323171  
1  -2.9  0.322199  
1  -2.8  0.321103  
1  -2.7  0.319865  
1  -2.6  0.318459  
1  -2.5  0.316859  
1  -2.4  0.315032  
1  -2.3  0.312938  
1  -2.2  0.310529  
1  -2.1  0.307749  
1  -2  0.304528  
1  -1.9  0.300782  
1  -1.8  0.296411  
1  -1.7  0.291293  
1  -1.6  0.285281  
1  -1.5  0.2782  
1  -1.4  0.269841  
1  -1.3  0.259963  
1  -1.2  0.248289  
1  -1.1  0.234518  
1  -1  0.218341  
1  -0.9  0.199481  
1  -0.8  0.177755  
1  -0.7  0.153179  
1  -0.6  0.126108  
1  -0.5  0.0974007  
1  -0.4  0.0685622  
1  -0.3  0.0417799  
1  -0.2  0.0197338  
1  -0.0999999  0.00512529  
1  0  0  
1  0.1  0.00512529  
1  0.2  0.0197338  
1  0.3  0.0417799  
1  0.4  0.0685623  
1  0.5  0.0974007  
1  0.6  0.126108  
1  0.7  0.153179  
1  0.8  0.177755  
1  0.9  0.199481  
1  1  0.218341  
1  1.1  0.234518  
1  1.2  0.248289  
1  1.3  0.259963  
1  1.4  0.269841  
1  1.5  0.2782  
1  1.6  0.285281  
1  1.7  0.291293  
1  1.8  0.296411  
1  1.9  0.300782  
1  2  0.304528  
1  2.1  0.307749  
1  2.2  0.310529  
1  2.3  0.312938  
1  2.4  0.315032  
1  2.5  0.316859  
1  2.6  0.318459  
1  2.7  0.319865  
1  2.8  0.321103  
1  2.9  0.322199  
1  3  0.323171  

1.1  -3  0.355965  
1.1  -2.9  0.354964  
1.1  -2.8  0.353839  
1.1  -2.7  0.352572  
1.1  -2.6  0.35114  
1.1  -2.5  0.349517  
1.1  -2.4  0.347672  
1.1  -2.3  0.345569  
1.1  -2.2  0.343164  
1.1  -2.1  0.340405  
1.1  -2  0.337232  
1.1  -1.9  0.333571  
1.1  -1.8  0.329336  
1.1  -1.7  0.324426  
1.1  -1.6  0.318722  
1.1  -1.5  0.312086  
1.1  -1.4  0.304359  
1.1  -1.3  0.295369  
1.1  -1.2  0.284926  
1.1  -1.1  0.272842  
1.1  -1  0.258947  
1.1  -0.9  0.243126  
1.1  -0.8  0.225363  
1.1  -0.7  0.20582  
1.1  -0.6  0.184911  
1.1  -0.5  0.163386  
1.1  -0.4  0.142384  
1.1  -0.3  0.123395  
1.1  -0.2  0.108115  
1.1  -0.0999999  0.0981555  
1.1  0  0.0946916  
1.1  0.1  0.0981555  
1.1  0.2  0.108115  
1.1  0.3  0.123395  
1.1  0.4  0.142384  
1.1  0.5  0.163386  
1.1  0.6  0.184911  
1.1  0.7  0.20582  
1.1  0.8  0.225363  
1.1  0.9  0.243126  
1.1  1  0.258947  
1.1  1.1  0.272842  
1.1  1.2  0.284926  
1.1  1.3  0.295369  
1.1  1.4  0.304359  
1.1  1.5  0.312086  
1.1  1.6  0.318722  
1.1  1.7  0.324426  
1.1  1.8  0.329336  
1.1  1.9  0.333571  
1.1  2  0.337232  
1.1  2.1  0.340405  
1.1  2.2  0.343164  
1.1  2.3  0.345569  
1.1  2.4  0.347672  
1.1  2.5  0.349517  
1.1  2.6  0.35114  
1.1  2.7  0.352572  
1.1  2.8  0.353839  
1.1  2.9  0.354964  
1.1  3  0.355965  

1.2  -3  0.38888  
1.2  -2.9  0.387864  
1.2  -2.8  0.386726  
1.2  -2.7  0.385449  
1.2  -2.6  0.384012  
1.2  -2.5  0.38239  
1.2  -2.4  0.380556  
1.2  -2.3  0.378477  
1.2  -2.2  0.376113  
1.2  -2.1  0.373419  
1.2  -2  0.370343  
1.2  -1.9  0.366822  
1.2  -1.8  0.362785  
1.2  -1.7  0.35815  
1.2  -1.6  0.352823  
1.2  -1.5  0.346699  
1.2  -1.4  0.339665  
1.2  -1.3  0.331598  
1.2  -1.2  0.32238  
1.2  -1.1  0.311904  
1.2  -1  0.300091  
1.2  -0.9  0.286922  
1.2  -0.8  0.272472  
1.2  -0.7  0.256949  
1.2  -0.6  0.240746  
1.2  -0.5  0.224473  
1.2  -0.4  0.208966  
1.2  -0.3  0.195243  
1.2  -0.2  0.184394  
1.2  -0.0999999  0.177412  
1.2  0  0.175  
1.2  0.1  0.177412  
1.2  0.2  0.184394  
1.2  0.3  0.195243  
1.2  0.4  0.208966  
1.2  0.5  0.224473  
1.2  0.6  0.240746  
1.2  0.7  0.256949  
1.2  0.8  0.272472  
1.2  0.9  0.286923  
1.2  1  0.300091  
1.2  1.1  0.311904  
1.2  1.2  0.32238  
1.2  1.3  0.331598  
1.2  1.4  0.339665  
1.2  1.5  0.346699  
1.2  1.6  0.352823  
1.2  1.7  0.35815  
1.2  1.8  0.362785  
1.2  1.9  0.366822  
1.2  2  0.370343  
1.2  2.1  0.373419  
1.2  2.2  0.376113  
1.2  2.3  0.378477  
1.2  2.4  0.380556  
1.2  2.5  0.38239  
1.2  2.6  0.384012  
1.2  2.7  0.385449  
1.2  2.8  0.386726  
1.2  2.9  0.387864  
1.2  3  0.38888  

1.3  -3  0.421917  
1.3  -2.9  0.4209  
1.3  -2.8  0.419765  
1.3  -2.7  0.418496  
1.3  -2.6  0.417073  
1.3  -2.5  0.415476  
1.3  -2.4  0.413679  
1.3  -2.3  0.411651  
1.3  -2.2  0.409361  
1.3  -2.1  0.406768  
1.3  -2  0.403828  
1.3  -1.9  0.40049  
1.3  -1.8  0.396695  
1.3  -1.7  0.392381  
1.3  -1.6  0.387474  
1.3  -1.5  0.381898  
1.3  -1.4  0.375574  
1.3  -1.3  0.368423  
1.3  -1.2  0.360375  
1.3  -1.1  0.351377  
1.3  -1  0.341412  
1.3  -0.9  0.330511  
1.3  -0.8  0.318787  
1.3  -0.7  0.306452  
1.3  -0.6  0.293844  
1.3  -0.5  0.28144  
1.3  -0.4  0.269847  
1.3  -0.3  0.259764  
1.3  -0.2  0.251904  
1.3  -0.0999999  0.246896  
1.3  0  0.245175  
1.3  0.1  0.246896  
1.3  0.2  0.251904  
1.3  0.3  0.259764  
1.3  0.4  0.269847  
1.3  0.5  0.28144  
1.3  0.6  0.293844  
1.3  0.7  0.306452  
1.3  0.8  0.318787  
1.3  0.9  0.330511  
1.3  1  0.341412  
1.3  1.1  0.351377  
1.3  1.2  0.360375  
1.3  1.3  0.368423  
1.3  1.4  0.375574  
1.3  1.5  0.381898  
1.3  1.6  0.387474  
1.3  1.7  0.392381  
1.3  1.8  0.396695  
1.3  1.9  0.40049  
1.3  2  0.403828  
1.3  2.1  0.406768  
1.3  2.2  0.409361  
1.3  2.3  0.411651  
1.3  2.4  0.413679  
1.3  2.5  0.415476  
1.3  2.6  0.417074  
1.3  2.7  0.418496  
1.3  2.8  0.419765  
1.3  2.9  0.4209  
1.3  3  0.421917  

1.4  -3  0.45508  
1.4  -2.9  0.454074  
1.4  -2.8  0.452956  
1.4  -2.7  0.451711  
1.4  -2.6  0.450321  
1.4  -2.5  0.448768  
1.4  -2.4  0.447029  
1.4  -2.3  0.445078  
1.4  -2.2  0.442888  
1.4  -2.1  0.440424  
1.4  -2  0.437651  
1.4  -1.9  0.434526  
1.4  -1.8  0.431006  
1.4  -1.7  0.427039  
1.4  -1.6  0.422573  
1.4  -1.5  0.417556  
1.4  -1.4  0.411933  
1.4  -1.3  0.405657  
1.4  -1.2  0.398693  
1.4  -1.1  0.391024  
1.4  -1  0.382667  
1.4  -0.9  0.373679  
1.4  -0.8  0.364182  
1.4  -0.7  0.354367  
1.4  -0.6  0.344514  
1.4  -0.5  0.334987  
1.4  -0.4  0.326224  
1.4  -0.3  0.31871  
1.4  -0.2  0.312919  
1.4  -0.0999999  0.309259  
1.4  0  0.308006  
1.4  0.1  0.309259  
1.4  0.2  0.312919  
1.4  0.3  0.31871  
1.4  0.4  0.326224  
1.4  0.5  0.334987  
1.4  0.6  0.344514  
1.4  0.7  0.354367  
1.4  0.8  0.364182  
1.4  0.9  0.373679  
1.4  1  0.382667  
1.4  1.1  0.391024  
1.4  1.2  0.398693  
1.4  1.3  0.405657  
1.4  1.4  0.411933  
1.4  1.5  0.417556  
1.4  1.6  0.422573  
1.4  1.7  0.427039  
1.4  1.8  0.431005  
1.4  1.9  0.434526  
1.4  2  0.437651  
1.4  2.1  0.440424  
1.4  2.2  0.442888  
1.4  2.3  0.445078  
1.4  2.4  0.447029  
1.4  2.5  0.448768  
1.4  2.6  0.450321  
1.4  2.7  0.451711  
1.4  2.8  0.452956  
1.4  2.9  0.454074  
1.4  3  0.45508  

1.5  -3  0.488367  
1.5  -2.9  0.487384  
1.5  -2.8  0.486296  
1.5  -2.7  0.485089  
1.5  -2.6  0.483748  
1.5  -2.5  0.482256  
1.5  -2.4  0.480594  
1.5  -2.3  0.478741  
1.5  -2.2  0.476671  
1.5  -2.1  0.474359  
1.5  -2  0.471774  
1.5  -1.9  0.468885  
1.5  -1.8  0.465655  
1.5  -1.7  0.46205  
1.5  -1.6  0.45803  
1.5  -1.5  0.453561  
1.5  -1.4  0.448609  
1.5  -1.3  0.44315  
1.5  -1.2  0.43717  
1.5  -1.1  0.430676  
1.5  -1  0.423701  
1.5  -0.9  0.416313  
1.5  -0.8  0.408626  
1.5  -0.7  0.400805  
1.5  -0.6  0.393073  
1.5  -0.5  0.385706  
1.5  -0.4  0.379021  
1.5  -0.3  0.373354  
1.5  -0.2  0.369028  
1.5  -0.0999999  0.366311  
1.5  0  0.365385  
1.5  0.1  0.366311  
1.5  0.2  0.369028  
1.5  0.3  0.373354  
1.5  0.4  0.379021  
1.5  0.5  0.385706  
1.5  0.6  0.393073  
1.5  0.7  0.400805  
1.5  0.8  0.408626  
1.5  0.9  0.416313  
1.5  1  0.423701  
1.5  1.1  0.430676  
1.5  1.2  0.43717  
1.5  1.3  0.44315  
1.5  1.4  0.448609  
1.5  1.5  0.453561  
1.5  1.6  0.45803  
1.5  1.7  0.46205  
1.5  1.8  0.465655  
1.5  1.9  0.468885  
1.5  2  0.471774  
1.5  2.1  0.474359  
1.5  2.2  0.476671  
1.5  2.3  0.478741  
1.5  2.4  0.480594  
1.5  2.5  0.482256  
1.5  2.6  0.483748  
1.5  2.7  0.485089  
1.5  2.8  0.486296  
1.5  2.9  0.487384  
1.5  3  0.488367  

1.6  -3  0.521778  
1.6  -2.9  0.520829  
1.6  -2.8  0.519782  
1.6  -2.7  0.518626  
1.6  -2.6  0.517347  
1.6  -2.5  0.515931  
1.6  -2.4  0.514361  
1.6  -2.3  0.51262  
1.6  -2.2  0.510688  
1.6  -2.1  0.508542  
1.6  -2  0.506161  
1.6  -1.9  0.503518  
1.6  -1.8  0.500588  
1.6  -1.7  0.497345  
1.6  -1.6  0.493763  
1.6  -1.5  0.48982  
1.6  -1.4  0.485498  
1.6  -1.3  0.480786  
1.6  -1.2  0.475687  
1.6  -1.1  0.470219  
1.6  -1  0.464422  
1.6  -0.9  0.458364  
1.6  -0.8  0.452146  
1.6  -0.7  0.445906  
1.6  -0.6  0.439818  
1.6  -0.5  0.434089  
1.6  -0.4  0.428949  
1.6  -0.3  0.424634  
1.6  -0.2  0.421366  
1.6  -0.0999999  0.419324  
1.6  0  0.41863  
1.6  0.1  0.419324  
1.6  0.2  0.421366  
1.6  0.3  0.424634  
1.6  0.4  0.428949  
1.6  0.5  0.434089  
1.6  0.6  0.439818  
1.6  0.7  0.445906  
1.6  0.8  0.452146  
1.6  0.9  0.458364  
1.6  1  0.464422  
1.6  1.1  0.470219  
1.6  1.2  0.475687  
1.6  1.3  0.480786  
1.6  1.4  0.485498  
1.6  1.5  0.48982  
1.6  1.6  0.493763  
1.6  1.7  0.497345  
1.6  1.8  0.500588  
1.6  1.9  0.503518  
1.6  2  0.506161  
1.6  2.1  0.508542  
1.6  2.2  0.510688  
1.6  2.3  0.51262  
1.6  2.4  0.514361  
1.6  2.5  0.515931  
1.6  2.6  0.517347  
1.6  2.7  0.518626  
1.6  2.8  0.519783  
1.6  2.9  0.520829  
1.6  3  0.521778  

1.7  -3  0.55531  
1.7  -2.9  0.554405  
1.7  -2.8  0.553409  
1.7  -2.7  0.552315  
1.7  -2.6  0.551109  
1.7  -2.5  0.54978  
1.7  -2.4  0.548314  
1.7  -2.3  0.546697  
1.7  -2.2  0.544913  
1.7  -2.1  0.542945  
1.7  -2  0.540775  
1.7  -1.9  0.538384  
1.7  -1.8  0.535753  
1.7  -1.7  0.532865  
1.7  -1.6  0.529704  
1.7  -1.5  0.526257  
1.7  -1.4  0.522515  
1.7  -1.3  0.518479  
1.7  -1.2  0.514158  
1.7  -1.1  0.509578  
1.7  -1  0.50478  
1.7  -0.9  0.499825  
1.7  -0.8  0.494801  
1.7  -0.7  0.489819  
1.7  -0.6  0.485013  
1.7  -0.5  0.480538  
1.7  -0.4  0.476562  
1.7  -0.3  0.473252  
1.7  -0.2  0.47076  
1.7  -0.0999999  0.469211  
1.7  0  0.468685  
1.7  0.1  0.469211  
1.7  0.2  0.47076  
1.7  0.3  0.473252  
1.7  0.4  0.476562  
1.7  0.5  0.480538  
1.7  0.6  0.485013  
1.7  0.7  0.489819  
1.7  0.8  0.494801  
1.7  0.9  0.499825  
1.7  1  0.50478  
1.7  1.1  0.509578  
1.7  1.2  0.514158  
1.7  1.3  0.518479  
1.7  1.4  0.522515  
1.7  1.5  0.526257  
1.7  1.6  0.529704  
1.7  1.7  0.532866  
1.7  1.8  0.535753  
1.7  1.9  0.538384  
1.7  2  0.540775  
1.7  2.1  0.542945  
1.7  2.2  0.544913  
1.7  2.3  0.546697  
1.7  2.4  0.548314  
1.7  2.5  0.54978  
1.7  2.6  0.551109  
1.7  2.7  0.552314  
1.7  2.8  0.55341  
1.7  2.9  0.554405  
1.7  3  0.55531  

1.8  -3  0.58896  
1.8  -2.9  0.588106  
1.8  -2.8  0.587171  
1.8  -2.7  0.586146  
1.8  -2.6  0.585022  
1.8  -2.5  0.58379  
1.8  -2.4  0.582437  
1.8  -2.3  0.580953  
1.8  -2.2  0.579325  
1.8  -2.1  0.577539  
1.8  -2  0.575582  
1.8  -1.9  0.573442  
1.8  -1.8  0.571105  
1.8  -1.7  0.568559  
1.8  -1.6  0.565795  
1.8  -1.5  0.562807  
1.8  -1.4  0.559594  
1.8  -1.3  0.556162  
1.8  -1.2  0.552525  
1.8  -1.1  0.54871  
1.8  -1  0.544754  
1.8  -0.9  0.540715  
1.8  -0.8  0.536661  
1.8  -0.7  0.532683  
1.8  -0.6  0.528884  
1.8  -0.5  0.525379  
1.8  -0.4  0.52229  
1.8  -0.3  0.519736  
1.8  -0.2  0.517825  
1.8  -0.0999999  0.51664  
1.8  0  0.516239  
1.8  0.1  0.51664  
1.8  0.2  0.517825  
1.8  0.3  0.519736  
1.8  0.4  0.52229  
1.8  0.5  0.525379  
1.8  0.6  0.528884  
1.8  0.7  0.532683  
1.8  0.8  0.536661  
1.8  0.9  0.540715  
1.8  1  0.544754  
1.8  1.1  0.54871  
1.8  1.2  0.552525  
1.8  1.3  0.556162  
1.8  1.4  0.559594  
1.8  1.5  0.562807  
1.8  1.6  0.565795  
1.8  1.7  0.568559  
1.8  1.8  0.571105  
1.8  1.9  0.573442  
1.8  2  0.575583  
1.8  2.1  0.577539  
1.8  2.2  0.579325  
1.8  2.3  0.580953  
1.8  2.4  0.582437  
1.8  2.5  0.58379  
1.8  2.6  0.585022  
1.8  2.7  0.586146  
1.8  2.8  0.587171  
1.8  2.9  0.588106  
1.8  3  0.588959  

1.9  -3  0.622723  
1.9  -2.9  0.621927  
1.9  -2.8  0.621059  
1.9  -2.7  0.620112  
1.9  -2.6  0.619077  
1.9  -2.5  0.617948  
1.9  -2.4  0.616714  
1.9  -2.3  0.615368  
1.9  -2.2  0.613899  
1.9  -2.1  0.612297  
1.9  -2  0.610553  
1.9  -1.9  0.608658  
1.9  -1.8  0.606603  
1.9  -1.7  0.604381  
1.9  -1.6  0.601987  
1.9  -1.5  0.599422  
1.9  -1.4  0.596686  
1.9  -1.3  0.59379  
1.9  -1.2  0.59075  
1.9  -1.1  0.58759  
1.9  -1  0.584345  
1.9  -0.9  0.581063  
1.9  -0.8  0.577801  
1.9  -0.7  0.574629  
1.9  -0.6  0.571626  
1.9  -0.5  0.568877  
1.9  -0.4  0.566472  
1.9  -0.3  0.564495  
1.9  -0.2  0.563022  
1.9  -0.0999999  0.562112  
1.9  0  0.561805  
1.9  0.1  0.562112  
1.9  0.2  0.563022  
1.9  0.3  0.564495  
1.9  0.4  0.566472  
1.9  0.5  0.568877  
1.9  0.6  0.571626  
1.9  0.7  0.574629  
1.9  0.8  0.577801  
1.9  0.9  0.581063  
1.9  1  0.584345  
1.9  1.1  0.58759  
1.9  1.2  0.59075  
1.9  1.3  0.59379  
1.9  1.4  0.596686  
1.9  1.5  0.599422  
1.9  1.6  0.601987  
1.9  1.7  0.604381  
1.9  1.8  0.606603  
1.9  1.9  0.608658  
1.9  2  0.610553  
1.9  2.1  0.612297  
1.9  2.2  0.613899  
1.9  2.3  0.615368  
1.9  2.4  0.616714  
1.9  2.5  0.617948  
1.9  2.6  0.619077  
1.9  2.7  0.620112  
1.9  2.8  0.621059  
1.9  2.9  0.621927  
1.9  3  0.622723  

2  -3  0.656594  
2  -2.9  0.655862  
2  -2.8  0.655067  
2  -2.7  0.654202  
2  -2.6  0.653262  
2  -2.5  0.65224  
2  -2.4  0.65113  
2  -2.3  0.649923  
2  -2.2  0.648614  
2  -2.1  0.647195  
2  -2  0.645658  
2  -1.9  0.644  
2  -1.8  0.642213  
2  -1.7  0.640295  
2  -1.6  0.638244  
2  -1.5  0.636062  
2  -1.4  0.633754  
2  -1.3  0.631331  
2  -1.2  0.628808  
2  -1.1  0.626209  
2  -1  0.623564  
2  -0.9  0.62091  
2  -0.8  0.618295  
2  -0.7  0.615772  
2  -0.6  0.613402  
2  -0.5  0.611248  
2  -0.4  0.609374  
2  -0.3  0.607843  
2  -0.2  0.606706  
2  -0.0999999  0.606006  
2  0  0.605769  
2  0.1  0.606006  
2  0.2  0.606706  
2  0.3  0.607843  
2  0.4  0.609374  
2  0.5  0.611248  
2  0.6  0.613402  
2  0.7  0.615772  
2  0.8  0.618295  
2  0.9  0.62091  
2  1  0.623564  
2  1.1  0.626209  
2  1.2  0.628808  
2  1.3  0.631331  
2  1.4  0.633754  
2  1.5  0.636062  
2  1.6  0.638244  
2  1.7  0.640295  
2  1.8  0.642213  
2  1.9  0.644  
2  2  0.645658  
2  2.1  0.647195  
2  2.2  0.648614  
2  2.3  0.649923  
2  2.4  0.65113  
2  2.5  0.652241  
2  2.6  0.653262  
2  2.7  0.654203  
2  2.8  0.655067  
2  2.9  0.655862  
2  3  0.656594  

2.1  -3  0.690569  
2.1  -2.9  0.689905  
2.1  -2.8  0.689187  
2.1  -2.7  0.688409  
2.1  -2.6  0.687566  
2.1  -2.5  0.686655  
2.1  -2.4  0.685668  
2.1  -2.3  0.684602  
2.1  -2.2  0.683451  
2.1  -2.1  0.682209  
2.1  -2  0.680874  
2.1  -1.9  0.679441  
2.1  -1.8  0.677906  
2.1  -1.7  0.67627  
2.1  -1.6  0.674532  
2.1  -1.5  0.672697  
2.1  -1.4  0.670771  
2.1  -1.3  0.668763  
2.1  -1.2  0.666689  
2.1  -1.1  0.664569  
2.1  -1  0.662427  
2.1  -0.9  0.660296  
2.1  -0.8  0.658212  
2.1  -0.7  0.656215  
2.1  -0.6  0.654352  
2.1  -0.5  0.652668  
2.1  -0.4  0.651212  
2.1  -0.3  0.650027  
2.1  -0.2  0.64915  
2.1  -0.0999999  0.648612  
2.1  0  0.64843  
2.1  0.1  0.648612  
2.1  0.2  0.64915  
2.1  0.3  0.650027  
2.1  0.4  0.651212  
2.1  0.5  0.652668  
2.1  0.6  0.654352  
2.1  0.7  0.656215  
2.1  0.8  0.658212  
2.1  0.9  0.660296  
2.1  1  0.662427  
2.1  1.1  0.664569  
2.1  1.2  0.666689  
2.1  1.3  0.668763  
2.1  1.4  0.670771  
2.1  1.5  0.672697  
2.1  1.6  0.674533  
2.1  1.7  0.67627  
2.1  1.8  0.677906  
2.1  1.9  0.679441  
2.1  2  0.680874  
2.1  2.1  0.682209  
2.1  2.2  0.683451  
2.1  2.3  0.684602  
2.1  2.4  0.685668  
2.1  2.5  0.686655  
2.1  2.6  0.687566  
2.1  2.7  0.688409  
2.1  2.8  0.689187  
2.1  2.9  0.689905  
2.1  3  0.690569  

2.2  -3  0.724641  
2.2  -2.9  0.724049  
2.2  -2.8  0.72341  
2.2  -2.7  0.722722  
2.2  -2.6  0.721979  
2.2  -2.5  0.721178  
2.2  -2.4  0.720315  
2.2  -2.3  0.719388  
2.2  -2.2  0.718391  
2.2  -2.1  0.717322  
2.2  -2  0.716178  
2.2  -1.9  0.714957  
2.2  -1.8  0.713658  
2.2  -1.7  0.712282  
2.2  -1.6  0.71083  
2.2  -1.5  0.709306  
2.2  -1.4  0.707717  
2.2  -1.3  0.706073  
2.2  -1.2  0.704387  
2.2  -1.1  0.702676  
2.2  -1  0.700959  
2.2  -0.9  0.699263  
2.2  -0.8  0.697615  
2.2  -0.7  0.696046  
2.2  -0.6  0.69459  
2.2  -0.5  0.693283  
2.2  -0.4  0.692157  
2.2  -0.3  0.691244  
2.2  -0.2  0.690571  
2.2  -0.0999999  0.690158  
2.2  0  0.690019  
2.2  0.1  0.690158  
2.2  0.2  0.690571  
2.2  0.3  0.691244  
2.2  0.4  0.692157  
2.2  0.5  0.693283  
2.2  0.6  0.694591  
2.2  0.7  0.696046  
2.2  0.8  0.697615  
2.2  0.9  0.699263  
2.2  1  0.700959  
2.2  1.1  0.702676  
2.2  1.2  0.704387  
2.2  1.3  0.706073  
2.2  1.4  0.707717  
2.2  1.5  0.709306  
2.2  1.6  0.71083  
2.2  1.7  0.712282  
2.2  1.8  0.713659  
2.2  1.9  0.714957  
2.2  2  0.716178  
2.2  2.1  0.717322  
2.2  2.2  0.718391  
2.2  2.3  0.719388  
2.2  2.4  0.720316  
2.2  2.5  0.721178  
2.2  2.6  0.721979  
2.2  2.7  0.722722  
2.2  2.8  0.72341  
2.2  2.9  0.724049  
2.2  3  0.724641  

2.3  -3  0.758804  
2.3  -2.9  0.758286  
2.3  -2.8  0.757729  
2.3  -2.7  0.757131  
2.3  -2.6  0.756488  
2.3  -2.5  0.755798  
2.3  -2.4  0.755058  
2.3  -2.3  0.754265  
2.3  -2.2  0.753418  
2.3  -2.1  0.752514  
2.3  -2  0.751551  
2.3  -1.9  0.75053  
2.3  -1.8  0.749449  
2.3  -1.7  0.74831  
2.3  -1.6  0.747116  
2.3  -1.5  0.745871  
2.3  -1.4  0.744581  
2.3  -1.3  0.743255  
2.3  -1.2  0.741904  
2.3  -1.1  0.740541  
2.3  -1  0.739183  
2.3  -0.9  0.737849  
2.3  -0.8  0.73656  
2.3  -0.7  0.735341  
2.3  -0.6  0.734216  
2.3  -0.5  0.73321  
2.3  -0.4  0.732347  
2.3  -0.3  0.73165  
2.3  -0.2  0.731138  
2.3  -0.0999999  0.730824  
2.3  0  0.730718  
2.3  0.1  0.730824  
2.3  0.2  0.731138  
2.3  0.3  0.73165  
2.3  0.4  0.732347  
2.3  0.5  0.73321  
2.3  0.6  0.734216  
2.3  0.7  0.735341  
2.3  0.8  0.73656  
2.3  0.9  0.737849  
2.3  1  0.739183  
2.3  1.1  0.740541  
2.3  1.2  0.741904  
2.3  1.3  0.743255  
2.3  1.4  0.744581  
2.3  1.5  0.745871  
2.3  1.6  0.747116  
2.3  1.7  0.74831  
2.3  1.8  0.749449  
2.3  1.9  0.75053  
2.3  2  0.751552  
2.3  2.1  0.752514  
2.3  2.2  0.753418  
2.3  2.3  0.754265  
2.3  2.4  0.755058  
2.3  2.5  0.755798  
2.3  2.6  0.756488  
2.3  2.7  0.757131  
2.3  2.8  0.757729  
2.3  2.9  0.758286  
2.3  3  0.758804  

2.4  -3  0.793053  
2.4  -2.9  0.79261  
2.4  -2.8  0.792136  
2.4  -2.7  0.791628  
2.4  -2.6  0.791084  
2.4  -2.5  0.790503  
2.4  -2.4  0.789883  
2.4  -2.3  0.789221  
2.4  -2.2  0.788517  
2.4  -2.1  0.78777  
2.4  -2  0.786978  
2.4  -1.9  0.786141  
2.4  -1.8  0.785261  
2.4  -1.7  0.784339  
2.4  -1.6  0.783378  
2.4  -1.5  0.782381  
2.4  -1.4  0.781354  
2.4  -1.3  0.780305  
2.4  -1.2  0.779243  
2.4  -1.1  0.778177  
2.4  -1  0.777121  
2.4  -0.9  0.776091  
2.4  -0.8  0.7751  
2.4  -0.7  0.774168  
2.4  -0.6  0.773311  
2.4  -0.5  0.772549  
2.4  -0.4  0.771897  
2.4  -0.3  0.771373  
2.4  -0.2  0.770987  
2.4  -0.0999999  0.770752  
2.4  0  0.770673  
2.4  0.1  0.770752  
2.4  0.2  0.770987  
2.4  0.3  0.771373  
2.4  0.4  0.771897  
2.4  0.5  0.772549  
2.4  0.6  0.773311  
2.4  0.7  0.774168  
2.4  0.8  0.7751  
2.4  0.9  0.776091  
2.4  1  0.777121  
2.4  1.1  0.778177  
2.4  1.2  0.779242  
2.4  1.3  0.780305  
2.4  1.4  0.781354  
2.4  1.5  0.782381  
2.4  1.6  0.783378  
2.4  1.7  0.784339  
2.4  1.8  0.785261  
2.4  1.9  0.786141  
2.4  2  0.786978  
2.4  2.1  0.78777  
2.4  2.2  0.788517  
2.4  2.3  0.789221  
2.4  2.4  0.789883  
2.4  2.5  0.790503  
2.4  2.6  0.791084  
2.4  2.7  0.791628  
2.4  2.8  0.792136  
2.4  2.9  0.79261  
2.4  3  0.793053  

2.5  -3  0.82738  
2.5  -2.9  0.827014  
2.5  -2.8  0.826622  
2.5  -2.7  0.826204  
2.5  -2.6  0.825758  
2.5  -2.5  0.825284  
2.5  -2.4  0.824779  
2.5  -2.3  0.824243  
2.5  -2.2  0.823676  
2.5  -2.1  0.823076  
2.5  -2  0.822443  
2.5  -1.9  0.821778  
2.5  -1.8  0.821082  
2.5  -1.7  0.820356  
2.5  -1.6  0.819604  
2.5  -1.5  0.818828  
2.5  -1.4  0.818033  
2.5  -1.3  0.817225  
2.5  -1.2  0.816411  
2.5  -1.1  0.815599  
2.5  -1  0.814799  
2.5  -0.9  0.814022  
2.5  -0.8  0.813279  
2.5  -0.7  0.812583  
2.5  -0.6  0.811946  
2.5  -0.5  0.811381  
2.5  -0.4  0.8109  
2.5  -0.3  0.810514  
2.5  -0.2  0.810231  
2.5  -0.0999999  0.810058  
2.5  0  0.81  
2.5  0.1  0.810058  
2.5  0.2  0.810231  
2.5  0.3  0.810514  
2.5  0.4  0.8109  
2.5  0.5  0.811381  
2.5  0.6  0.811946  
2.5  0.7  0.812583  
2.5  0.8  0.813279  
2.5  0.9  0.814022  
2.5  1  0.814799  
2.5  1.1  0.815599  
2.5  1.2  0.816411  
2.5  1.3  0.817225  
2.5  1.4  0.818033  
2.5  1.5  0.818828  
2.5  1.6  0.819604  
2.5  1.7  0.820356  
2.5  1.8  0.821082  
2.5  1.9  0.821778  
2.5  2  0.822443  
2.5  2.1  0.823076  
2.5  2.2  0.823676  
2.5  2.3  0.824243  
2.5  2.4  0.824779  
2.5  2.5  0.825284  
2.5  2.6  0.825758  
2.5  2.7  0.826204  
2.5  2.8  0.826622  
2.5  2.9  0.827013  
2.5  3  0.82738  

2.6  -3  0.861781  
2.6  -2.9  0.86149  
2.6  -2.8  0.86118  
2.6  -2.7  0.860851  
2.6  -2.6  0.860501  
2.6  -2.5  0.86013  
2.6  -2.4  0.859736  
2.6  -2.3  0.859321  
2.6  -2.2  0.858882  
2.6  -2.1  0.85842  
2.6  -2  0.857935  
2.6  -1.9  0.857428  
2.6  -1.8  0.8569  
2.6  -1.7  0.856352  
2.6  -1.6  0.855786  
2.6  -1.5  0.855206  
2.6  -1.4  0.854614  
2.6  -1.3  0.854016  
2.6  -1.2  0.853417  
2.6  -1.1  0.852822  
2.6  -1  0.852238  
2.6  -0.9  0.851674  
2.6  -0.8  0.851137  
2.6  -0.7  0.850636  
2.6  -0.6  0.850179  
2.6  -0.5  0.849776  
2.6  -0.4  0.849433  
2.6  -0.3  0.849158  
2.6  -0.2  0.848957  
2.6  -0.0999999  0.848835  
2.6  0  0.848794  
2.6  0.1  0.848835  
2.6  0.2  0.848957  
2.6  0.3  0.849158  
2.6  0.4  0.849433  
2.6  0.5  0.849776  
2.6  0.6  0.850179  
2.6  0.7  0.850636  
2.6  0.8  0.851137  
2.6  0.9  0.851674  
2.6  1  0.852238  
2.6  1.1  0.852822  
2.6  1.2  0.853417  
2.6  1.3  0.854016  
2.6  1.4  0.854614  
2.6  1.5  0.855206  
2.6  1.6  0.855786  
2.6  1.7  0.856352  
2.6  1.8  0.8569  
2.6  1.9  0.857428  
2.6  2  0.857935  
2.6  2.1  0.85842  
2.6  2.2  0.858882  
2.6  2.3  0.859321  
2.6  2.4  0.859737  
2.6  2.5  0.86013  
2.6  2.6  0.860501  
2.6  2.7  0.860851  
2.6  2.8  0.86118  
2.6  2.9  0.86149  
2.6  3  0.861781  

2.7  -3  0.896249  
2.7  -2.9  0.896033  
2.7  -2.8  0.895804  
2.7  -2.7  0.895561  
2.7  -2.6  0.895304  
2.7  -2.5  0.895032  
2.7  -2.4  0.894745  
2.7  -2.3  0.894443  
2.7  -2.2  0.894125  
2.7  -2.1  0.893793  
2.7  -2  0.893445  
2.7  -1.9  0.893082  
2.7  -1.8  0.892707  
2.7  -1.7  0.892319  
2.7  -1.6  0.89192  
2.7  -1.5  0.891513  
2.7  -1.4  0.8911  
2.7  -1.3  0.890684  
2.7  -1.2  0.890269  
2.7  -1.1  0.88986  
2.7  -1  0.88946  
2.7  -0.9  0.889075  
2.7  -0.8  0.888709  
2.7  -0.7  0.88837  
2.7  -0.6  0.888062  
2.7  -0.5  0.88779  
2.7  -0.4  0.88756  
2.7  -0.3  0.887376  
2.7  -0.2  0.887241  
2.7  -0.0999999  0.88716  
2.7  0  0.887132  
2.7  0.1  0.88716  
2.7  0.2  0.887241  
2.7  0.3  0.887376  
2.7  0.4  0.88756  
2.7  0.5  0.88779  
2.7  0.6  0.888062  
2.7  0.7  0.88837  
2.7  0.8  0.888709  
2.7  0.9  0.889075  
2.7  1  0.88946  
2.7  1.1  0.88986  
2.7  1.2  0.89027  
2.7  1.3  0.890684  
2.7  1.4  0.8911  
2.7  1.5  0.891513  
2.7  1.6  0.89192  
2.7  1.7  0.892319  
2.7  1.8  0.892707  
2.7  1.9  0.893082  
2.7  2  0.893445  
2.7  2.1  0.893793  
2.7  2.2  0.894126  
2.7  2.3  0.894443  
2.7  2.4  0.894745  
2.7  2.5  0.895032  
2.7  2.6  0.895304  
2.7  2.7  0.895561  
2.7  2.8  0.895804  
2.7  2.9  0.896033  
2.7  3  0.896249  

2.8  -3  0.930778  
2.8  -2.9  0.930636  
2.8  -2.8  0.930486  
2.8  -2.7  0.930327  
2.8  -2.6  0.930159  
2.8  -2.5  0.929982  
2.8  -2.4  0.929797  
2.8  -2.3  0.929602  
2.8  -2.2  0.929398  
2.8  -2.1  0.929185  
2.8  -2  0.928963  
2.8  -1.9  0.928733  
2.8  -1.8  0.928495  
2.8  -1.7  0.928251  
2.8  -1.6  0.928001  
2.8  -1.5  0.927747  
2.8  -1.4  0.927491  
2.8  -1.3  0.927233  
2.8  -1.2  0.926978  
2.8  -1.1  0.926727  
2.8  -1  0.926482  
2.8  -0.9  0.926248  
2.8  -0.8  0.926026  
2.8  -0.7  0.925821  
2.8  -0.6  0.925635  
2.8  -0.5  0.925472  
2.8  -0.4  0.925334  
2.8  -0.3  0.925224  
2.8  -0.2  0.925144  
2.8  -0.0999999  0.925095  
2.8  0  0.925079  
2.8  0.1  0.925095  
2.8  0.2  0.925144  
2.8  0.3  0.925224  
2.8  0.4  0.925334  
2.8  0.5  0.925472  
2.8  0.6  0.925636  
2.8  0.7  0.925821  
2.8  0.8  0.926026  
2.8  0.9  0.926248  
2.8  1  0.926482  
2.8  1.1  0.926727  
2.8  1.2  0.926978  
2.8  1.3  0.927233  
2.8  1.4  0.927491  
2.8  1.5  0.927747  
2.8  1.6  0.928001  
2.8  1.7  0.928251  
2.8  1.8  0.928495  
2.8  1.9  0.928733  
2.8  2  0.928963  
2.8  2.1  0.929185  
2.8  2.2  0.929398  
2.8  2.3  0.929602  
2.8  2.4  0.929797  
2.8  2.5  0.929982  
2.8  2.6  0.930159  
2.8  2.7  0.930327  
2.8  2.8  0.930486  
2.8  2.9  0.930636  
2.8  3  0.930778  

2.9  -3  0.965364  
2.9  -2.9  0.965294  
2.9  -2.8  0.96522  
2.9  -2.7  0.965142  
2.9  -2.6  0.96506  
2.9  -2.5  0.964974  
2.9  -2.4  0.964884  
2.9  -2.3  0.96479  
2.9  -2.2  0.964692  
2.9  -2.1  0.964589  
2.9  -2  0.964483  
2.9  -1.9  0.964374  
2.9  -1.8  0.964261  
2.9  -1.7  0.964146  
2.9  -1.6  0.964028  
2.9  -1.5  0.963909  
2.9  -1.4  0.96379  
2.9  -1.3  0.96367  
2.9  -1.2  0.963552  
2.9  -1.1  0.963436  
2.9  -1  0.963324  
2.9  -0.9  0.963216  
2.9  -0.8  0.963115  
2.9  -0.7  0.963022  
2.9  -0.6  0.962938  
2.9  -0.5  0.962864  
2.9  -0.4  0.962802  
2.9  -0.3  0.962752  
2.9  -0.2  0.962716  
2.9  -0.0999999  0.962694  
2.9  0  0.962686  
2.9  0.1  0.962694  
2.9  0.2  0.962716  
2.9  0.3  0.962752  
2.9  0.4  0.962802  
2.9  0.5  0.962864  
2.9  0.6  0.962938  
2.9  0.7  0.963022  
2.9  0.8  0.963115  
2.9  0.9  0.963216  
2.9  1  0.963324  
2.9  1.1  0.963436  
2.9  1.2  0.963552  
2.9  1.3  0.96367  
2.9  1.4  0.96379  
2.9  1.5  0.963909  
2.9  1.6  0.964028  
2.9  1.7  0.964146  
2.9  1.8  0.964261  
2.9  1.9  0.964374  
2.9  2  0.964483  
2.9  2.1  0.964589  
2.9  2.2  0.964692  
2.9  2.3  0.96479  
2.9  2.4  0.964884  
2.9  2.5  0.964974  
2.9  2.6  0.96506  
2.9  2.7  0.965142  
2.9  2.8  0.96522  
2.9  2.9  0.965294  
2.9  3  0.965364  

3  -3  1  
3  -2.9  1  
3  -2.8  1  
3  -2.7  1  
3  -2.6  1  
3  -2.5  1  
3  -2.4  1  
3  -2.3  1  
3  -2.2  1  
3  -2.1  1  
3  -2  1  
3  -1.9  1  
3  -1.8  1  
3  -1.7  1  
3  -1.6  1  
3  -1.5  1  
3  -1.4  1  
3  -1.3  1  
3  -1.2  1  
3  -1.1  1  
3  -1  1  
3  -0.9  1  
3  -0.8  1  
3  -0.7  1  
3  -0.6  1  
3  -0.5  1  
3  -0.4  1  
3  -0.3  1  
3  -0.2  1  
3  -0.0999999  1  
3  0  1  
3  0.1  1  
3  0.2  1  
3  0.3  1  
3  0.4  1  
3  0.5  1  
3  0.6  1  
3  0.7  1  
3  0.8  1  
3  0.9  1  
3  1  1  
3  1.1  1  
3  1.2  1  
3  1.3  1  
3  1.4  1  
3  1.5  1  
3  1.6  1  
3  1.7  1  
3  1.8  1  
3  1.9  1  
3  2  1  
3  2.1  1  
3  2.2  1  
3  2.3  1  
3  2.4  1  
3  2.5  1  
3  2.6  1  
3  2.7  1  
3  2.8  1  
3  2.9  1  
3  3  1  

3.1  -3  1.03468  
3.1  -2.9  1.03475  
3.1  -2.8  1.03482  
3.1  -2.7  1.0349  
3.1  -2.6  1.03497  
3.1  -2.5  1.03505  
3.1  -2.4  1.03514  
3.1  -2.3  1.03523  
3.1  -2.2  1.03532  
3.1  -2.1  1.03541  
3.1  -2  1.03551  
3.1  -1.9  1.03561  
3.1  -1.8  1.03571  
3.1  -1.7  1.03581  
3.1  -1.6  1.03592  
3.1  -1.5  1.03602  
3.1  -1.4  1.03613  
3.1  -1.3  1.03623  
3.1  -1.2  1.03633  
3.1  -1.1  1.03643  
3.1  -1  1.03653  
3.1  -0.9  1.03662  
3.1  -0.8  1.0367  
3.1  -0.7  1.03678  
3.1  -0.6  1.03685  
3.1  -0.5  1.03691  
3.1  -0.4  1.03696  
3.1  -0.3  1.037  
3.1  -0.2  1.03703  
3.1  -0.0999999  1.03705  
3.1  0  1.03706  
3.1  0.1  1.03705  
3.1  0.2  1.03703  
3.1  0.3  1.037  
3.1  0.4  1.03696  
3.1  0.5  1.03691  
3.1  0.6  1.03685  
3.1  0.7  1.03678  
3.1  0.8  1.0367  
3.1  0.9  1.03662  
3.1  1  1.03653  
3.1  1.1  1.03643  
3.1  1.2  1.03633  
3.1  1.3  1.03623  
3.1  1.4  1.03613  
3.1  1.5  1.03602  
3.1  1.6  1.03592  
3.1  1.7  1.03581  
3.1  1.8  1.03571  
3.1  1.9  1.03561  
3.1  2  1.03551  
3.1  2.1  1.03541  
3.1  2.2  1.03532  
3.1  2.3  1.03523  
3.1  2.4  1.03514  
3.1  2.5  1.03505  
3.1  2.6  1.03497  
3.1  2.7  1.0349  
3.1  2.8  1.03482  
3.1  2.9  1.03475  
3.1  3  1.03468  

3.2  -3  1.06941  
3.2  -2.9  1.06954  
3.2  -2.8  1.06968  
3.2  -2.7  1.06982  
3.2  -2.6  1.06997  
3.2  -2.5  1.07013  
3.2  -2.4  1.0703  
3.2  -2.3  1.07047  
3.2  -2.2  1.07064  
3.2  -2.1  1.07082  
3.2  -2  1.07101  
3.2  -1.9  1.07119  
3.2  -1.8  1.07139  
3.2  -1.7  1.07158  
3.2  -1.6  1.07178  
3.2  -1.5  1.07197  
3.2  -1.4  1.07217  
3.2  -1.3  1.07236  
3.2  -1.2  1.07255  
3.2  -1.1  1.07274  
3.2  -1  1.07291  
3.2  -0.9  1.07308  
3.2  -0.8  1.07324  
3.2  -0.7  1.07338  
3.2  -0.6  1.07351  
3.2  -0.5  1.07362  
3.2  -0.4  1.07372  
3.2  -0.3  1.07379  
3.2  -0.2  1.07384  
3.2  -0.0999999  1.07388  
3.2  0  1.07389  
3.2  0.1  1.07388  
3.2  0.2  1.07384  
3.2  0.3  1.07379  
3.2  0.4  1.07372  
3.2  0.5  1.07362  
3.2  0.6  1.07351  
3.2  0.7  1.07338  
3.2  0.8  1.07324  
3.2  0.9  1.07308  
3.2  1  1.07291  
3.2  1.1  1.07274  
3.2  1.2  1.07255  
3.2  1.3  1.07236  
3.2  1.4  1.07217  
3.2  1.5  1.07197  
3.2  1.6  1.07178  
3.2  1.7  1.07158  
3.2  1.8  1.07139  
3.2  1.9  1.07119  
3.2  2  1.07101  
3.2  2.1  1.07082  
3.2  2.2  1.07064  
3.2  2.3  1.07047  
3.2  2.4  1.0703  
3.2  2.5  1.07013  
3.2  2.6  1.06997  
3.2  2.7  1.06982  
3.2  2.8  1.06968  
3.2  2.9  1.06954  
3.2  3  1.06941  

3.3  -3  1.10417  
3.3  -2.9  1.10436  
3.3  -2.8  1.10457  
3.3  -2.7  1.10478  
3.3  -2.6  1.105  
3.3  -2.5  1.10523  
3.3  -2.4  1.10547  
3.3  -2.3  1.10571  
3.3  -2.2  1.10596  
3.3  -2.1  1.10622  
3.3  -2  1.10649  
3.3  -1.9  1.10676  
3.3  -1.8  1.10703  
3.3  -1.7  1.10731  
3.3  -1.6  1.10759  
3.3  -1.5  1.10786  
3.3  -1.4  1.10814  
3.3  -1.3  1.10841  
3.3  -1.2  1.10868  
3.3  -1.1  1.10893  
3.3  -1  1.10918  
3.3  -0.9  1.10941  
3.3  -0.8  1.10963  
3.3  -0.7  1.10982  
3.3  -0.6  1.11  
3.3  -0.5  1.11016  
3.3  -0.4  1.11029  
3.3  -0.3  1.11039  
3.3  -0.2  1.11046  
3.3  -0.0999999  1.11051  
3.3  0  1.11052  
3.3  0.1  1.11051  
3.3  0.2  1.11046  
3.3  0.3  1.11039  
3.3  0.4  1.11029  
3.3  0.5  1.11016  
3.3  0.6  1.11  
3.3  0.7  1.10982  
3.3  0.8  1.10963  
3.3  0.9  1.10941  
3.3  1  1.10918  
3.3  1.1  1.10893  
3.3  1.2  1.10868  
3.3  1.3  1.10841  
3.3  1.4  1.10814  
3.3  1.5  1.10786  
3.3  1.6  1.10759  
3.3  1.7  1.10731  
3.3  1.8  1.10703  
3.3  1.9  1.10676  
3.3  2  1.10649  
3.3  2.1  1.10622  
3.3  2.2  1.10596  
3.3  2.3  1.10571  
3.3  2.4  1.10547  
3.3  2.5  1.10523  
3.3  2.6  1.105  
3.3  2.7  1.10478  
3.3  2.8  1.10457  
3.3  2.9  1.10436  
3.3  3  1.10417  

3.4  -3  1.13896  
3.4  -2.9  1.13922  
3.4  -2.8  1.13948  
3.4  -2.7  1.13976  
3.4  -2.6  1.14004  
3.4  -2.5  1.14034  
3.4  -2.4  1.14065  
3.4  -2.3  1.14096  
3.4  -2.2  1.14128  
3.4  -2.1  1.14161  
3.4  -2  1.14195  
3.4  -1.9  1.1423  
3.4  -1.8  1.14264  
3.4  -1.7  1.14299  
3.4  -1.6  1.14334  
3.4  -1.5  1.14369  
3.4  -1.4  1.14404  
3.4  -1.3  1.14437  
3.4  -1.2  1.14471  
3.4  -1.1  1.14502  
3.4  -1  1.14533  
3.4  -0.9  1.14562  
3.4  -0.8  1.14588  
3.4  -0.7  1.14613  
3.4  -0.6  1.14634  
3.4  -0.5  1.14653  
3.4  -0.4  1.14669  
3.4  -0.3  1.14682  
3.4  -0.2  1.14691  
3.4  -0.0999999  1.14696  
3.4  0  1.14698  
3.4  0.1  1.14696  
3.4  0.2  1.14691  
3.4  0.3  1.14682  
3.4  0.4  1.14669  
3.4  0.5  1.14653  
3.4  0.6  1.14634  
3.4  0.7  1.14613  
3.4  0.8  1.14588  
3.4  0.9  1.14562  
3.4  1  1.14533  
3.4  1.1  1.14502  
3.4  1.2  1.14471  
3.4  1.3  1.14437  
3.4  1.4  1.14404  
3.4  1.5  1.14369  
3.4  1.6  1.14334  
3.4  1.7  1.14299  
3.4  1.8  1.14264  
3.4  1.9  1.1423  
3.4  2  1.14195  
3.4  2.1  1.14161  
3.4  2.2  1.14128  
3.4  2.3  1.14096  
3.4  2.4  1.14065  
3.4  2.5  1.14034  
3.4  2.6  1.14004  
3.4  2.7  1.13976  
3.4  2.8  1.13948  
3.4  2.9  1.13922  
3.4  3  1.13896  

3.5  -3  1.17378  
3.5  -2.9  1.1741  
3.5  -2.8  1.17442  
3.5  -2.7  1.17476  
3.5  -2.6  1.1751  
3.5  -2.5  1.17546  
3.5  -2.4  1.17583  
3.5  -2.3  1.17621  
3.5  -2.2  1.1766  
3.5  -2.1  1.177  
3.5  -2  1.1774  
3.5  -1.9  1.17781  
3.5  -1.8  1.17822  
3.5  -1.7  1.17863  
3.5  -1.6  1.17905  
3.5  -1.5  1.17946  
3.5  -1.4  1.17986  
3.5  -1.3  1.18026  
3.5  -1.2  1.18065  
3.5  -1.1  1.18102  
3.5  -1  1.18137  
3.5  -0.9  1.18171  
3.5  -0.8  1.18202  
3.5  -0.7  1.1823  
3.5  -0.6  1.18255  
3.5  -0.5  1.18277  
3.5  -0.4  1.18295  
3.5  -0.3  1.18309  
3.5  -0.2  1.1832  
3.5  -0.0999999  1.18326  
3.5  0  1.18328  
3.5  0.1  1.18326  
3.5  0.2  1.1832  
3.5  0.3  1.18309  
3.5  0.4  1.18295  
3.5  0.5  1.18277  
3.5  0.6  1.18255  
3.5  0.7  1.1823  
3.5  0.8  1.18202  
3.5  0.9  1.18171  
3.5  1  1.18137  
3.5  1.1  1.18102  
3.5  1.2  1.18065  
3.5  1.3  1.18026  
3.5  1.4  1.17986  
3.5  1.5  1.17946  
3.5  1.6  1.17905  
3.5  1.7  1.17863  
3.5  1.8  1.17822  
3.5  1.9  1.17781  
3.5  2  1.1774  
3.5  2.1  1.177  
3.5  2.2  1.1766  
3.5  2.3  1.17621  
3.5  2.4  1.17583  
3.5  2.5  1.17546  
3.5  2.6  1.1751  
3.5  2.7  1.17476  
3.5  2.8  1.17442  
3.5  2.9  1.1741  
3.5  3  1.17378  

3.6  -3  1.20863  
3.6  -2.9  1.209  
3.6  -2.8  1.20938  
3.6  -2.7  1.20977  
3.6  -2.6  1.21018  
3.6  -2.5  1.21059  
3.6  -2.4  1.21102  
3.6  -2.3  1.21146  
3.6  -2.2  1.21191  
3.6  -2.1  1.21236  
3.6  -2  1.21282  
3.6  -1.9  1.21329  
3.6  -1.8  1.21376  
3.6  -1.7  1.21423  
3.6  -1.6  1.2147  
3.6  -1.5  1.21517  
3.6  -1.4  1.21563  
3.6  -1.3  1.21607  
3.6  -1.2  1.21651  
3.6  -1.1  1.21693  
3.6  -1  1.21732  
3.6  -0.9  1.21769  
3.6  -0.8  1.21804  
3.6  -0.7  1.21835  
3.6  -0.6  1.21863  
3.6  -0.5  1.21887  
3.6  -0.4  1.21908  
3.6  -0.3  1.21924  
3.6  -0.2  1.21935  
3.6  -0.0999999  1.21942  
3.6  0  1.21944  
3.6  0.1  1.21942  
3.6  0.2  1.21935  
3.6  0.3  1.21924  
3.6  0.4  1.21908  
3.6  0.5  1.21887  
3.6  0.6  1.21863  
3.6  0.7  1.21835  
3.6  0.8  1.21804  
3.6  0.9  1.21769  
3.6  1  1.21732  
3.6  1.1  1.21693  
3.6  1.2  1.21651  
3.6  1.3  1.21607  
3.6  1.4  1.21563  
3.6  1.5  1.21517  
3.6  1.6  1.2147  
3.6  1.7  1.21423  
3.6  1.8  1.21376  
3.6  1.9  1.21329  
3.6  2  1.21282  
3.6  2.1  1.21236  
3.6  2.2  1.21191  
3.6  2.3  1.21146  
3.6  2.4  1.21102  
3.6  2.5  1.21059  
3.6  2.6  1.21018  
3.6  2.7  1.20977  
3.6  2.8  1.20938  
3.6  2.9  1.209  
3.6  3  1.20863  

3.7  -3  1.24351  
3.7  -2.9  1.24392  
3.7  -2.8  1.24436  
3.7  -2.7  1.2448  
3.7  -2.6  1.24526  
3.7  -2.5  1.24573  
3.7  -2.4  1.24621  
3.7  -2.3  1.2467  
3.7  -2.2  1.24721  
3.7  -2.1  1.24771  
3.7  -2  1.24823  
3.7  -1.9  1.24875  
3.7  -1.8  1.24927  
3.7  -1.7  1.24979  
3.7  -1.6  1.25031  
3.7  -1.5  1.25083  
3.7  -1.4  1.25133  
3.7  -1.3  1.25182  
3.7  -1.2  1.2523  
3.7  -1.1  1.25275  
3.7  -1  1.25318  
3.7  -0.9  1.25359  
3.7  -0.8  1.25396  
3.7  -0.7  1.2543  
3.7  -0.6  1.25461  
3.7  -0.5  1.25487  
3.7  -0.4  1.25509  
3.7  -0.3  1.25526  
3.7  -0.2  1.25538  
3.7  -0.0999999  1.25546  
3.7  0  1.25548  
3.7  0.1  1.25546  
3.7  0.2  1.25538  
3.7  0.3  1.25526  
3.7  0.4  1.25509  
3.7  0.5  1.25487  
3.7  0.6  1.25461  
3.7  0.7  1.2543  
3.7  0.8  1.25396  
3.7  0.9  1.25359  
3.7  1  1.25318  
3.7  1.1  1.25275  
3.7  1.2  1.2523  
3.7  1.3  1.25182  
3.7  1.4  1.25133  
3.7  1.5  1.25083  
3.7  1.6  1.25031  
3.7  1.7  1.24979  
3.7  1.8  1.24927  
3.7  1.9  1.24875  
3.7  2  1.24823  
3.7  2.1  1.24771  
3.7  2.2  1.24721  
3.7  2.3  1.2467  
3.7  2.4  1.24621  
3.7  2.5  1.24573  
3.7  2.6  1.24526  
3.7  2.7  1.2448  
3.7  2.8  1.24436  
3.7  2.9  1.24392  
3.7  3  1.24351  

3.8  -3  1.2784  
3.8  -2.9  1.27886  
3.8  -2.8  1.27935  
3.8  -2.7  1.27984  
3.8  -2.6  1.28035  
3.8  -2.5  1.28087  
3.8  -2.4  1.2814  
3.8  -2.3  1.28194  
3.8  -2.2  1.28249  
3.8  -2.1  1.28305  
3.8  -2  1.28361  
3.8  -1.9  1.28418  
3.8  -1.8  1.28475  
3.8  -1.7  1.28532  
3.8  -1.6  1.28588  
3.8  -1.5  1.28643  
3.8  -1.4  1.28698  
3.8  -1.3  1.2875  
3.8  -1.2  1.28802  
3.8  -1.1  1.2885  
3.8  -1  1.28897  
3.8  -0.9  1.2894  
3.8  -0.8  1.2898  
3.8  -0.7  1.29016  
3.8  -0.6  1.29048  
3.8  -0.5  1.29076  
3.8  -0.4  1.29099  
3.8  -0.3  1.29117  
3.8  -0.2  1.29131  
3.8  -0.0999999  1.29139  
3.8  0  1.29141  
3.8  0.1  1.29139  
3.8  0.2  1.29131  
3.8  0.3  1.29117  
3.8  0.4  1.29099  
3.8  0.5  1.29076  
3.8  0.6  1.29048  
3.8  0.7  1.29016  
3.8  0.8  1.2898  
3.8  0.9  1.2894  
3.8  1  1.28897  
3.8  1.1  1.2885  
3.8  1.2  1.28802  
3.8  1.3  1.2875  
3.8  1.4  1.28698  
3.8  1.5  1.28643  
3.8  1.6  1.28588  
3.8  1.7  1.28532  
3.8  1.8  1.28475  
3.8  1.9  1.28418  
3.8  2  1.28361  
3.8  2.1  1.28305  
3.8  2.2  1.28249  
3.8  2.3  1.28194  
3.8  2.4  1.2814  
3.8  2.5  1.28087  
3.8  2.6  1.28035  
3.8  2.7  1.27984  
3.8  2.8  1.27935  
3.8  2.9  1.27886  
3.8  3  1.2784  

3.9  -3  1.31331  
3.9  -2.9  1.31382  
3.9  -2.8  1.31435  
3.9  -2.7  1.31489  
3.9  -2.6  1.31544  
3.9  -2.5  1.31601  
3.9  -2.4  1.31658  
3.9  -2.3  1.31717  
3.9  -2.2  1.31777  
3.9  -2.1  1.31837  
3.9  -2  1.31898  
3.9  -1.9  1.31959  
3.9  -1.8  1.3202  
3.9  -1.7  1.3208  
3.9  -1.6  1.3214  
3.9  -1.5  1.32199  
3.9  -1.4  1.32257  
3.9  -1.3  1.32313  
3.9  -1.2  1.32367  
3.9  -1.1  1.32419  
3.9  -1  1.32467  
3.9  -0.9  1.32513  
3.9  -0.8  1.32555  
3.9  -0.7  1.32593  
3.9  -0.6  1.32627  
3.9  -0.5  1.32656  
3.9  -0.4  1.3268  
3.9  -0.3  1.32699  
3.9  -0.2  1.32713  
3.9  -0.0999999  1.32721  
3.9  0  1.32724  
3.9  0.1  1.32721  
3.9  0.2  1.32713  
3.9  0.3  1.32699  
3.9  0.4  1.3268  
3.9  0.5  1.32656  
3.9  0.6  1.32627  
3.9  0.7  1.32593  
3.9  0.8  1.32555  
3.9  0.9  1.32513  
3.9  1  1.32467  
3.9  1.1  1.32419  
3.9  1.2  1.32367  
3.9  1.3  1.32313  
3.9  1.4  1.32257  
3.9  1.5  1.32199  
3.9  1.6  1.3214  
3.9  1.7  1.3208  
3.9  1.8  1.3202  
3.9  1.9  1.31959  
3.9  2  1.31898  
3.9  2.1  1.31837  
3.9  2.2  1.31777  
3.9  2.3  1.31717  
3.9  2.4  1.31658  
3.9  2.5  1.31601  
3.9  2.6  1.31544  
3.9  2.7  1.31489  
3.9  2.8  1.31435  
3.9  2.9  1.31382  
3.9  3  1.31331  

4  -3  1.34823  
4  -2.9  1.34879  
4  -2.8  1.34936  
4  -2.7  1.34994  
4  -2.6  1.35054  
4  -2.5  1.35114  
4  -2.4  1.35176  
4  -2.3  1.35239  
4  -2.2  1.35303  
4  -2.1  1.35367  
4  -2  1.35432  
4  -1.9  1.35496  
4  -1.8  1.35561  
4  -1.7  1.35625  
4  -1.6  1.35688  
4  -1.5  1.3575  
4  -1.4  1.35811  
4  -1.3  1.3587  
4  -1.2  1.35926  
4  -1.1  1.3598  
4  -1  1.36031  
4  -0.9  1.36079  
4  -0.8  1.36123  
4  -0.7  1.36162  
4  -0.6  1.36197  
4  -0.5  1.36227  
4  -0.4  1.36253  
4  -0.3  1.36272  
4  -0.2  1.36287  
4  -0.0999999  1.36295  
4  0  1.36298  
4  0.1  1.36295  
4  0.2  1.36287  
4  0.3  1.36272  
4  0.4  1.36253  
4  0.5  1.36227  
4  0.6  1.36197  
4  0.7  1.36162  
4  0.8  1.36123  
4  0.9  1.36079  
4  1  1.36031  
4  1.1  1.3598  
4  1.2  1.35926  
4  1.3  1.3587  
4  1.4  1.35811  
4  1.5  1.3575  
4  1.6  1.35688  
4  1.7  1.35625  
4  1.8  1.35561  
4  1.9  1.35496  
4  2  1.35432  
4  2.1  1.35367  
4  2.2  1.35303  
4  2.3  1.35239  
4  2.4  1.35176  
4  2.5  1.35114  
4  2.6  1.35054  
4  2.7  1.34994  
4  2.8  1.34936  
4  2.9  1.34879  
4  3  1.34823  

